-4.1235470392e+04 1.3589682906e+04 2.3257119583e+03 -3.9799642392e+02 1.3610184518e+02 2.2476998870e+01
-2.1168528485e+01 -8.7660377264e+01 -4.7746645964e+01 1.4706505551e+01 -9.9640734204e+01 6.0510784029e-01
-2.1029048013e+01 -3.6497126945e+01 3.8455319879e+01 -3.5785625369e+01 -1.3042374511e+01 -3.4336112032e+00
-1.9803025849e+04 5.6973290837e+04 4.8896789504e+03 -1.3321048360e+02 3.9340519706e+02 3.3326187246e+01
1.9566643759e+04 -6.7062923565e+04 1.5472882258e+04 1.1029916930e+02 -3.8782744932e+02 9.0104633988e+01
-5.3645820069e+01 -2.1241442052e+01 -2.1291884866e+01 -1.8496259075e+01 3.3038109880e+00 -2.6124804879e+01
-5.0099539668e+01 -4.4389823828e+01 1.3052480652e+01 -3.2556615293e+01 -1.1552936482e+01 6.6653095611e+00
-1.0941557923e+01 -3.6330759152e+01 -2.9815236327e+01 -2.9098480968e+01 4.4376141975e+00 2.9868510343e+00
-1.2173667232e+02 -3.9168650261e+01 -1.0125513147e+01 -9.8513992871e+01 -7.5969528390e+01 -1.7872182735e+01
-1.6352963094e+04 5.1791258463e+04 -2.3517177701e+03 -1.2113847790e+02 3.9611518392e+02 -1.7890824019e+01
-1.0496460987e+02 1.0644401436e+01 -1.4582606077e+01 -6.3693956663e+01 -3.2370957758e+00 -2.6821913745e+01
-5.2955876999e+01 -3.1032996434e+00 -5.6644268429e+01 -3.1485267586e+01 -9.6928671387e+00 4.2274023904e+00
-2.4210049610e+01 -6.2788019514e+01 1.9694562605e+00 -2.5568775834e+01 -2.0974904299e+01 -4.9629197328e+00
6.5353938541e-01 -5.4425931536e+01 1.2381973316e+01 -5.6672066970e+01 -2.3153364312e+01 -8.5587145539e+00
-6.3897404524e+01 -6.4447047717e+01 5.2338979848e+01 -2.1583775467e+01 -6.4097110491e+01 -8.8770731536e+00
-2.2046043452e+01 1.7810432267e+01 -2.3156781678e+01 -2.2779700329e+00 -8.9991937932e+00 -3.2530706652e+00
-2.8994677373e-01 2.2968693060e+02 1.6243579478e+00 -2.6509297311e+01 3.1151614858e+02 -4.3208245598e+00
-2.9608313052e+03 4.6566225039e+03 -4.0957839403e+02 -1.9157009642e+02 3.7133371981e+02 -3.3492145005e+01
4.6868041252e+01 -5.9887741886e+01 -3.5275257901e+01 4.7408806370e+00 -3.3892002812e+00 -3.4667352724e+01
-5.0764553737e+01 -6.3676380276e+01 5.0547845336e+01 -1.7902139545e+01 -1.7166502261e+01 -2.5561902196e+00
-1.7819109461e+02 -2.7996483029e+01 3.8248295214e+00 -2.2770094990e+02 -6.8424116982e+01 -2.7351085842e+00
-5.9740383644e+01 -3.9835036459e+01 4.1507731158e+00 -3.9982586695e+01 -3.6853290790e+01 -2.0598689334e+00
1.2660743262e+04 -1.2730626293e+03 -5.3186905846e+02 4.1475484609e+02 -5.7549452871e+01 -1.6504022166e+01
1.0038892931e+04 9.4930422305e+03 4.5944491860e+01 3.1369254626e+02 2.7636919183e+02 2.6309238486e+00
4.9615890165e+01 4.5141460539e+01 -1.8255146304e+01 2.2252684944e+00 2.8636321204e+01 1.6392095438e+01
-2.6947907276e+00 -3.0379939752e-01 -1.1641672903e+01 -1.3971618173e+01 -1.6708756809e+01 3.0004912784e+00
3.5344289816e+01 -1.3361300433e+01 6.5702202895e+00 -1.0719765089e+01 -2.8186673233e+01 4.7759114575e+00
-3.7395002892e+01 -5.3287466611e+01 -2.0708442614e+01 -3.1189881965e+01 -1.0194353173e+01 -5.1096534638e+00
-1.1037555312e+01 -1.1603659703e+02 -2.4296963328e+01 9.3376903853e-01 -8.4853620922e+01 3.9613455280e+01
2.8478763287e+04 -1.4583475741e+04 1.8504442745e+03 3.7570751439e+02 -1.9957904753e+02 2.5139762588e+01
-8.0432803865e+01 -1.6343653492e+02 2.0486415182e+01 -6.3932482511e+01 -2.2193760080e+02 -1.1701236359e+00
-3.6341209576e+01 2.6138193680e+01 -5.8553370280e+01 -2.1080978937e+01 1.2494150336e+01 -7.1032949089e-01
5.2761485581e+01 2.4095762982e+01 1.0288914509e+01 -1.7763358183e+01 -1.5901489970e+00 -5.8317278528e+00
-1.1452980187e+01 4.1461970687e+01 7.8558902901e+00 -4.0602278935e+01 4.9687385230e+00 2.2352974033e+01
2.8405522803e+01 -7.4074079325e+00 -6.8491267655e+01 -3.5568692180e+01 1.0426767062e+00 -7.1805144228e+00
-2.2448599172e+01 3.2653314601e+01 -1.6703500111e+01 -2.3508505222e+01 7.8751029452e+00 3.5034471867e+00
9.2681277007e+00 -2.4094976931e+01 2.3777051075e+01 -1.8909633570e+01 -1.6734267914e+01 9.7905242852e+00
-5.9599525006e+01 4.3068544361e+01 2.8420411738e+01 -4.2884803441e+01 -7.3447723420e+00 3.5645302509e+00
-2.3239892182e+01 5.7315737878e+01 3.2081612616e+00 -3.9566001960e+01 -3.1374724571e+01 -7.7422758087e+00
4.1761842370e+01 2.8130944631e+01 -6.3628352530e+00 -1.3457267341e+01 -7.0274262239e+00 -6.9488673644e+00
-2.1777231910e+01 -5.1007999550e+01 6.9662813459e+01 -1.7781922065e+01 -3.2259902798e+00 -1.3618100790e+01
-2.9935193618e+04 6.9594243568e+04 1.8482336930e+03 -1.6230146805e+02 3.8411167812e+02 9.9490205141e+00
-5.2784920006e+03 -1.1632900075e+04 1.0084608136e+02 -1.8768451052e+02 -3.7582795479e+02 1.5803528143e+00
7.5805900942e+03 3.8319130345e+04 -7.5439902260e+02 8.5094659566e+01 4.0367595029e+02 -8.6819036348e+00
4.5732248405e+04 5.7249022694e+04 2.3884146796e+03 2.6189411526e+02 3.2336272027e+02 1.3650551783e+01
-4.9557948460e+01 2.5627755882e+01 9.4981227402e+00 -1.1805270209e+01 1.0979223284e+01 -1.3619561218e+01
-8.0580745701e+01 2.3498853751e+01 2.3164125676e+01 -4.1354807667e+01 8.3285236941e+00 -1.5056624528e+01
-1.1977329970e+02 -5.8102236416e+01 7.1709631291e+01 -8.8441789896e+01 -4.8482063581e+01 7.9743336277e+00
-6.2552660875e+01 4.1681934543e+01 -7.1293690202e+00 -4.2410277551e+01 1.7614224987e+01 2.6691494910e+00
2.5773884397e+04 -3.4623401551e+04 -2.1821662360e+02 2.4592452352e+02 -3.3814062925e+02 -2.6869176108e+00
-3.4832733334e+00 4.5526134700e+01 8.0442611114e+01 -2.8832318199e+01 3.8698031598e+00 9.7164953686e+00
-1.3245388552e+04 3.4139092837e+03 -4.6763463594e+02 -3.9708613318e+02 1.1760496544e+02 -1.3247940160e+01
2.1224216595e+01 2.3826015670e+01 6.1877970514e+01 -3.1428405439e+01 1.7503097327e+00 -1.3406883229e+01
3.0441063912e+03 1.3822527795e+03 2.8299927073e+02 4.0920729250e+02 1.1772191730e+02 3.0704814914e+01
-4.1761145212e+00 -7.3718048606e+00 6.0703164312e+01 -3.9075720971e+01 -1.5805281363e+01 8.2723176252e+00
6.8086327702e+04 -1.5379970236e+04 -6.4852946655e+03 4.0551616398e+02 -9.4593854130e+01 -3.8689431484e+01
1.0468040357e+01 3.2603575802e+01 1.0449394876e+01 -2.3293736395e+01 -5.6025368699e-02 1.0307922214e+00
-1.0057650953e+02 -3.2096971362e+01 2.5792161196e+01 -7.5279714220e+01 -7.9208198625e+01 -2.3666009953e+00
-6.8862528747e+00 1.1512192554e+02 6.9043708285e+00 -4.9928691568e+01 1.1118389536e+02 -1.5614269223e+01
-1.5931311122e+01 -1.6720907020e+01 -6.2674129861e+00 -2.0312689615e+01 -1.4281126813e+01 1.1264226852e+01
8.1886059223e+00 -9.1627217577e+00 -5.2846633775e+01 -2.4540137050e+01 -2.2981978905e+01 7.3445057822e+00
1.0610304688e+01 8.1239729511e-01 -3.5523317413e+01 -2.3618747062e+01 -1.8196368687e+01 -2.9038388063e-01
-2.0308310381e+01 2.7631230144e+01 4.1402527473e+01 -1.7334984538e+01 -4.3745089759e-01 6.5919650145e-01
1.1545812001e+01 -1.3084850676e+01 4.4801612331e+00 -3.0315012215e+01 -1.9780750602e+01 1.1606590909e-01
-7.2999465038e+04 2.4401524409e+04 -1.7411957424e+03 -3.8830653374e+02 1.3232823942e+02 -9.8981271787e+00
-4.4940282916e+04 4.8335678966e+04 4.8398642483e+03 -2.8007863684e+02 3.0577666660e+02 3.0448421214e+01
-1.7059073567e+01 -6.9347701403e+01 -1.1230331874e+01 -5.7096354698e+01 -3.7028162004e+00 -8.5465995098e+00
-1.1051818611e+04 7.1780134633e+03 -3.4164977761e+02 -3.5505260518e+02 2.4942189748e+02 -1.1586754235e+01
-8.0872235819e+04 3.6162650101e+04 -7.1674335009e+03 -3.7506905150e+02 1.7024578805e+02 -3.3378466174e+01
-2.1407774386e+01 9.9307305362e+00 -3.7063045748e+00 -3.5554383522e+01 -1.2260415539e+00 2.1154689129e-01
1.6478328643e+00 -6.4354344075e+01 -3.8012779717e+01 -5.0176041486e+01 -2.1287775694e+01 -1.2804832563e-01
-1.5741219734e+01 4.7087559698e+01 -3.9890025898e+01 -2.3597206232e+01 -1.1659696630e+01 -4.9557456210e+00
2.2534022552e+01 1.2601068219e+01 -2.8214490217e+01 -3.1366075378e+01 -1.2694806101e+01 -1.4299764124e+00
4.5910565427e+04 4.9795312356e+04 -1.4624290377e+03 2.8531945168e+02 3.0509518648e+02 -8.6510417699e+00
2.1505538842e+03 3.6935957234e+03 3.0871537104e+02 2.4762830896e+02 3.2993644958e+02 2.6851422107e+01
-7.7823244100e+03 1.0005835454e+04 -3.2127304273e+02 -2.4565147112e+02 3.4267645216e+02 -1.0352099775e+01
6.3061378615e+01 2.2610379496e+01 1.1143014693e+01 1.1515661502e+01 3.0352659342e+01 -1.3017216374e+01
2.5284908184e+01 -1.1084572379e+02 -3.1454652292e+01 3.3957569174e+01 -8.0330572444e+01 5.5696592021e+00
4.2539136956e+04 5.8528186472e+04 4.0740507140e+03 2.4753185993e+02 3.3596455369e+02 2.3953139164e+01
-3.4524747417e+01 6.2373914851e+01 6.9989657626e+01 -3.2835299793e+01 3.7195864119e+00 -1.1463427879e+01
1.4575078879e+04 4.1879672732e+03 1.8433003502e+01 4.0998890515e+02 1.0366420736e+02 5.6648308186e-01
-4.0789440790e+01 -2.5777321859e+01 -5.0209164869e+01 -2.4030389193e+01 7.8510698571e-01 -2.0651991968e+01
-4.3167882877e+01 -1.3243479297e+02 -4.3488214777e+01 -2.1351973700e+01 -1.4199364206e+02 9.3865501934e+00
-7.3993071746e+04 1.1720022400e+04 -3.9197932599e+03 -4.1318247217e+02 6.8195892879e+01 -2.1831109824e+01
-2.7344187668e+01 -4.4511371530e+01 -2.0610853714e+00 -3.3640566010e+01 -1.3544225527e+01 -7.9480168985e+00
-6.1349848664e+00 -8.0725484093e-01 3.3901752329e+01 -1.4014641859e+01 -2.1936704376e+01 8.0342829751e+00
-1.7931646009e+02 -8.5518657757e+00 -2.5172071244e+01 -2.1145230096e+02 -4.5975992898e+01 2.7039133630e+00
-2.5474754124e+01 -1.0236089795e+01 -2.9503286165e+01 -9.3759984839e+00 -1.9925499519e+01 -3.7888943293e+00
-1.4789773718e+04 -1.6350290959e+03 1.4474391035e+02 -4.1276761529e+02 -3.2107946052e+01 4.0023444812e+00
-2.4381700558e+01 2.6478188523e+01 6.2454021518e+00 -1.3600335181e+01 1.4128782699e+00 5.5337836603e-01
1.3854413924e+04 1.1874241167e+04 1.3050827726e+03 3.2205343092e+02 2.6128759104e+02 3.1300101034e+01
9.1373365446e+00 -6.5274777612e+01 -2.1917458301e+01 -3.9631120349e+01 -2.3263439558e+01 6.7867585518e+00
-9.8750314444e+00 -2.4666218422e+01 5.8376114600e+00 -1.1001194096e+01 -3.2545252880e+01 1.1919646274e+01
-5.1873883995e+01 2.3691915167e+01 4.9056985664e+01 -2.1563005741e+01 3.5978314992e+00 -1.6181087062e+01
8.4752959603e+01 -1.5383265353e+02 4.1464189810e+01 1.3157694403e+02 -1.6284241283e+02 -4.2504649397e+01
-1.9380627108e+03 1.3598393696e+04 -1.6570443877e+03 -4.4046470332e+01 4.1650233634e+02 -5.0228322555e+01
-3.3005691596e+04 -5.7088284420e+04 -5.4918988732e+03 -2.1021475423e+02 -3.5738144299e+02 -3.4654691797e+01
-3.2793018665e+01 -1.3277554908e+01 2.8017107019e+01 -3.8783572515e+01 6.9086642214e+00 1.0501403833e+01
2.4889068932e+01 1.8218385538e+01 -1.5359617036e+00 -2.8460824314e+01 1.3809061115e+01 -3.0006263663e+00
-4.2693464186e+04 -5.3679510314e+04 -1.1191709925e+04 -2.6142430057e+02 -3.2390688914e+02 -6.8205698676e+01