8.9057902335e+01 1.5426314088e+02 -1.1144140668e+01 1.5363882750e+02 9.6655558010e+01 6.6293238316e-01
3.9093616983e+04 -7.8574560565e+04 3.1315641992e+03 1.8889887882e+02 -3.8497171715e+02 1.5360219433e+01
-2.2185244657e+01 1.8782075847e+02 -2.0260155157e+00 1.2820159951e+02 1.2840341210e+02 1.4833233908e+01
2.2039264639e+04 -1.2725429729e+05 7.6859188612e+03 6.9294320843e+01 -4.0916925983e+02 2.4447995297e+01
1.1828516774e+05 -5.3412426668e+04 1.2139981284e+03 3.7238796522e+02 -1.6968426718e+02 3.3403748727e+00
2.0241786143e+02 -6.5021914942e+01 -2.6475087455e+01 1.4387265673e+02 -1.7758374132e+02 1.9440287969e+01
5.4156119242e-01 1.3745487246e+02 -1.6555478766e+01 1.3510854681e+02 9.3954273039e+01 1.0613882587e+01
7.6406420077e+01 1.5993057683e+02 5.7184412277e+01 1.6563866277e+02 7.5275053660e+01 6.9497983994e+00
3.0029200811e+01 1.2203653692e+02 3.9231352480e+01 1.0059382299e+02 7.3028923386e+01 1.0336834475e+01
7.3815730716e+01 1.4713507678e+02 -4.6260265988e+01 1.3238650995e+02 8.7875370813e+01 -2.1083705232e+01
-1.8457393921e+04 -5.7346182812e+04 6.5919648865e+02 -1.3496254602e+02 -4.0811920395e+02 4.9119752048e+00
-2.1535674435e+04 -1.2279082664e+04 -9.6097178190e+00 -3.7162276805e+02 -2.0224966693e+02 -8.1281065618e-01
-1.1313694464e+02 9.7463212759e+01 -3.6907274943e+01 -8.1969031519e+00 1.0513794460e+02 -2.3262692346e+01
-6.5388375375e+01 1.7714072237e+02 -2.2187205688e+01 6.8437707883e+01 1.3012907755e+02 3.4783828736e+01
-5.4568154403e+00 1.3926780598e+02 -2.2443859301e+01 1.2728101408e+02 9.2991327043e+01 2.4209838730e+01
7.2941724462e+01 8.4155251538e+01 -5.7489059504e-01 1.2107907097e+02 5.0475760233e+01 -2.5326480214e+00
-4.5088851873e+04 6.8968676698e+04 -5.1379441735e+03 -2.3115135609e+02 3.5821867875e+02 -2.6524446972e+01
8.8360350375e+01 1.3585687595e+02 -6.8323901932e+01 1.4551415575e+02 8.0176767894e+01 -7.3002846828e-01
1.5055480921e+01 1.7535994651e+02 3.4673813973e+01 1.3004751150e+02 1.1440471938e+02 -1.8589948269e+01
1.8174328759e+04 5.9761962815e+04 1.1529253975e+03 1.2325546264e+02 3.9428963956e+02 8.1666043796e+00
6.5563689242e+01 1.7694441837e+02 -3.0246562401e+01 1.4913276856e+02 8.7621905610e+01 -1.0894135025e+01
5.9733357443e+01 1.6412019265e+02 1.8066860220e+01 1.5372398601e+02 7.9772195600e+01 8.7967385848e+00
2.5833169605e+02 2.6219853004e+02 8.7294047182e+00 3.5604030999e+02 6.8668931818e+01 2.9141087664e+00
9.9639799199e+03 -8.8315288695e+04 6.6474322300e+03 4.5098483592e+01 -4.2067795702e+02 3.1786227489e+01
9.5673314820e+00 1.6961495698e+02 1.4804334412e+01 1.4537477261e+02 7.8083671426e+01 1.8590484265e+01
1.5444605246e+02 1.2901423592e+02 2.1077130875e+01 2.4515925564e+02 2.8057271183e+01 -9.8541506517e+00
8.9449388454e+01 1.2099849019e+02 4.6522125089e+01 1.3416100117e+02 6.7245811484e+01 -2.3102925405e+00
-3.7868161745e+04 -1.9366076691e+04 -9.7369275877e+01 -3.7764899091e+02 -1.8775641522e+02 -8.7922884180e-01
1.6623235188e+02 1.4404620031e+02 -1.0699867939e+01 2.1026295046e+02 6.2197735188e+01 5.3707458878e+00
7.6001363070e+04 -8.1472410332e+04 1.0426244852e+04 2.8690083708e+02 -3.1015726984e+02 3.9885370324e+01
2.1688865961e+02 -2.8483418923e+01 9.6996054149e+00 1.6559646540e+02 -1.4098845037e+02 1.0031372510e+01
4.0985639136e+01 1.6694960389e+02 2.5722342455e+01 1.2826096011e+02 8.7345899960e+01 1.8182492367e+01
-1.1293113370e+02 2.5641190508e+02 3.4725008482e+01 6.9018989238e+01 2.6130885133e+02 1.0280504484e+01
7.4796882811e+00 1.5142567289e+02 1.0936416546e+01 1.4176587846e+02 1.0178060675e+02 1.2794714628e+00
2.4948179406e+01 1.9415406697e+02 3.3872471180e+01 1.1548194525e+02 1.0956547558e+02 4.5301968600e-01
-1.3246036258e+04 -1.8088208379e+04 -9.7800467552e+02 -2.5766624215e+02 -3.3609049793e+02 -1.8812360778e+01
2.0402040949e+02 1.6733220092e+02 1.7579494322e+01 2.3745298784e+02 3.8796194533e+01 -1.3185009020e-01
-2.5703949390e+02 -2.3380145641e+02 8.6537779865e+01 -3.5003366340e+02 -2.0345797642e+01 -5.8932859001e-01
-1.4499299905e+01 1.6004822933e+02 -4.2420841621e+01 1.3237395920e+02 1.0963492441e+02 3.2066956039e+01
-8.9038401962e+04 -1.4302957518e+04 8.2257763403e+03 -4.1850824811e+02 -6.4903576351e+01 3.8451624362e+01
1.0096753051e+02 1.5789424849e+02 3.6234236637e+01 1.8026037068e+02 7.1885140547e+01 -1.1835711120e+01
6.0710998122e+04 8.8965570617e+04 7.7003828381e+02 2.3962398040e+02 3.4773790813e+02 2.9388866932e+00
7.0030518558e+03 -9.6305748755e+03 2.0227251314e+02 2.3725355381e+02 -3.5604727344e+02 6.2297766490e+00
-1.5394686818e+02 2.7547787707e+02 8.5875768549e+00 2.7465287892e+01 3.0206260652e+02 -1.5988467062e+01
1.2426173326e+05 2.9440347047e+04 1.1874422916e+04 4.0699416383e+02 9.4786185829e+01 3.8860151190e+01
1.0824380614e+02 1.7393695604e+02 -3.3561706652e+01 1.4297219395e+02 6.6551692361e+01 -2.1307720482e-01
6.5942402576e+00 1.3755944131e+02 -7.5761670611e+01 1.2347741899e+02 8.7889126184e+01 3.9579387878e+01
4.0493765273e+01 1.3321639475e+02 9.7579000799e+00 1.4594518914e+02 8.3875796484e+01 -9.7143053797e+00
9.4314310690e+01 1.3700906864e+02 4.6535402234e+00 1.7288764618e+02 7.7613634291e+01 -1.7865799313e+00
-9.2116997863e+04 -7.7122443730e+04 -5.5895699869e+03 -3.2334809205e+02 -2.6846188571e+02 -1.9486043594e+01
8.1540028970e+04 1.6972938229e+04 -6.6621257475e+02 4.1058191637e+02 8.2929391925e+01 -3.4222032618e+00
5.2530883770e+01 1.7349455575e+02 5.8331681345e+01 1.5664173889e+02 1.0880375627e+02 2.9096750718e+00
-2.2296882943e+03 -1.0091230254e+05 -2.8037288354e+03 -1.1254788861e+01 -4.1855117531e+02 -1.1401809872e+01
5.4243318691e+04 5.1869284429e+04 -2.2378059892e+03 3.0916112151e+02 2.9180774822e+02 -1.2687351566e+01
4.2787420047e+01 8.4226702682e+01 1.4145364603e+00 1.4715750256e+02 4.8892820143e+01 2.0677345152e+01
-5.6863331522e+04 1.2576968375e+05 -4.0830689701e+03 -1.7345108277e+02 3.8725183506e+02 -1.2522034512e+01
6.4381933558e+01 1.7523653089e+02 5.7994932732e+01 1.4113161969e+02 9.6587855048e+01 -4.1189600388e+00
-1.9594880598e+04 -2.8880527760e+04 -1.5330230773e+03 -2.4617978055e+02 -3.5226170233e+02 -1.9221653998e+01
1.0254137495e+02 1.1436135829e+02 -1.4864750599e+01 1.5666727354e+02 5.7951041248e+01 -1.6521787542e+01
7.4730037642e+01 1.7844197713e+02 -1.6383339319e+01 1.4607118189e+02 8.7979954007e+01 -2.6238509450e+01
-4.0652097771e+04 4.4022308691e+04 1.9009839770e+02 -2.8753275700e+02 3.1637154066e+02 7.8528482888e-01
-2.1936631989e+03 8.7486464093e+02 -4.3113729229e+01 -3.5660889598e+02 2.3707678793e+02 -7.0431685462e+00
-2.4682364235e+02 2.1870039502e+02 3.2367175357e+01 -5.6112690756e+01 3.1164995166e+02 7.9171928780e+00
6.7857806234e+01 1.9052047916e+02 -7.0339122221e+00 1.5196523573e+02 9.5267559192e+01 2.9058157897e+00
-1.3125505942e+05 -1.6292895646e+04 -4.8909324020e+03 -3.9670890424e+02 -4.7838544668e+01 -1.4395770560e+01
1.1242216980e+05 9.0844549929e+03 -5.6551635476e+03 4.0935274759e+02 3.1300999696e+01 -2.0498141712e+01
2.7921674997e+01 1.5598797375e+02 -4.4757000915e+01 1.4181646265e+02 1.0618383521e+02 6.0857278502e+00
4.0963388881e+01 1.4146299844e+02 -6.6064368889e+01 1.4103785260e+02 9.0849376264e+01 4.0520141676e+00
-1.3111560074e+05 6.4925288159e+04 -9.6206646489e+03 -3.7066055455e+02 1.8510351706e+02 -2.7236900816e+01
1.4039670460e+02 2.9684322362e+02 5.6030445961e+00 2.6874624420e+02 1.5215928748e+02 -2.5843515848e+01
-1.2011804780e+04 8.0443386749e+04 -6.5333240096e+01 -5.8798937226e+01 4.1085800867e+02 -5.4503364886e-01
1.0686331998e+02 1.3553293762e+02 4.0303901101e+01 1.8719790852e+02 8.8801483278e+01 2.6608383796e+01
-5.5906153377e+00 2.1171694311e+02 1.1502369274e+01 1.5388878506e+02 1.3534654490e+02 2.1411501466e+01
8.7147570163e+04 9.3843742229e+04 8.7923784064e+03 2.8637955486e+02 3.0602884047e+02 2.8869922995e+01
-3.1489196371e+01 1.8648024557e+02 -3.6973831336e+01 9.3858805768e+01 1.4308561140e+02 -2.2598881499e+01
-6.7283628303e+04 -1.2368571015e+05 -5.9418299148e+03 -2.0290584855e+02 -3.6995465068e+02 -1.7907624684e+01
3.7467882240e+01 1.9008020188e+02 9.1795352142e+00 1.3784696472e+02 9.0617501586e+01 1.8896655825e+00
-3.3683001588e+02 -3.1620058842e+01 6.2330936473e+00 -2.8729012626e+02 1.8407447620e+02 -1.1391188680e+01
5.3251407806e+04 1.1860055037e+05 -1.4292474348e+04 1.7110993106e+02 3.7725557688e+02 -4.5453730900e+01
8.3625767413e+01 1.9818791478e+02 1.7577068781e+00 1.6225072616e+02 8.8792963018e+01 9.3210310635e+00
-8.0429797818e+01 1.6979304235e+02 -5.3664780521e+01 7.8596012138e+01 1.4677908319e+02 -1.2400522345e+01
8.6439920701e+01 1.5643641682e+02 -2.2806249787e+01 1.2588039330e+02 9.4546305213e+01 -1.3039233003e+01
3.4429043288e+04 8.2873740019e+03 2.8917548368e+02 4.1151173652e+02 9.3102413091e+01 2.9280264312e+00
-8.2931629142e+04 -8.4744911374e+04 -1.0589229277e+04 -2.9696269319e+02 -3.0100279454e+02 -3.7886434149e+01
1.9793641194e+01 1.4114199505e+02 -6.4836790926e+00 1.3450395447e+02 7.3683710040e+01 8.2162223893e+00
1.0188482172e+04 6.1665359811e+03 7.3352414981e+02 3.7664228242e+02 2.0714494349e+02 2.7013755221e+01
2.6093340034e+02 2.4851702135e+02 -3.8726531616e+00 3.7255667226e+02 6.1851606960e+01 -3.5526844128e+00
4.2854460573e+01 1.3586169000e+02 2.6265527587e+01 1.3191279288e+02 9.6098141590e+01 1.5854934004e+01
1.8313947375e+01 1.1378802666e+02 -2.3823555240e+01 1.2647549951e+02 8.0254041334e+01 2.8489011488e+00
7.4360553261e+01 1.1431278464e+02 4.3065849900e+00 1.2937925393e+02 7.8699456578e+01 -1.0491153634e+01
-3.9842211409e+04 4.3443476397e+04 2.0095361374e+03 -2.7691284441e+02 3.0712547687e+02 1.4529487410e+01
4.1757657285e+04 4.4076237671e+04 -5.1462652397e+03 2.8979458445e+02 3.0090035742e+02 -3.5466723498e+01
6.6005580369e+00 1.7097074446e+02 -1.1104473624e+01 1.3493936116e+02 1.0936876829e+02 3.4238162926e+01
4.8808240799e+01 9.8683171150e+01 -4.9837499091e+01 1.2443079893e+02 7.6370039063e+01 -6.9198747701e+00
9.4483005657e+01 1.2851640259e+02 -3.3984701673e+01 1.3785332039e+02 5.0333009640e+01 -2.2554373949e+01
8.9502986070e+04 6.3384823087e+03 -9.3582555133e+03 4.0993091610e+02 2.6771770668e+01 -4.3142041753e+01
1.1941633325e+05 -5.2961931781e+04 8.0267128297e+03 3.8317981119e+02 -1.7166854349e+02 2.5842638913e+01
7.7004456859e+01 1.4952761696e+02 1.7707771096e+01 1.6181741689e+02 9.2445952675e+01 -2.4438451693e+00
1.3184452687e+02 1.2373965477e+02 3.7019985849e+01 1.3834473723e+02 5.8336435896e+01 1.0882521724e-01
-2.8554462737e+04 1.1576429077e+05 9.8471825271e+03 -9.8212295107e+01 4.0524838350e+02 3.4249417297e+01