-2.0638461101e+04 2.2715301003e+04 -2.1185871516e+02 -2.8830524894e+02 3.2761646123e+02 -2.9058238488e+00
9.9785708233e+03 -1.4678722695e+05 -1.1063946899e+04 2.7725507537e+01 -4.2933150466e+02 -3.2435368655e+01
1.0650957361e+05 -3.1844199961e+04 2.8383189661e+03 4.0316592892e+02 -1.2237034013e+02 1.1298249208e+01
-5.6378862769e+04 8.8803867135e+04 -1.3269198617e+03 -2.3188034500e+02 3.6898253853e+02 -5.6542452517e+00
7.6820699358e+04 8.2529567197e+04 5.4010405069e+03 2.9891048365e+02 3.1836227527e+02 2.0933237007e+01
6.4160152549e+04 3.3956153127e+03 7.8604365519e+03 4.3170209486e+02 1.9523332532e+01 5.2718097433e+01
8.4562240584e+03 -9.0106547363e+04 -1.8428830139e+03 3.7899167652e+01 -4.2826233459e+02 -8.3644785237e+00
-1.0099725747e+05 6.9492569921e+04 -7.5017113985e+03 -3.5885555289e+02 2.4898687845e+02 -2.6936915306e+01
-2.5616551648e+04 1.2789524725e+05 4.1820467194e+03 -8.3755686341e+01 4.2605152221e+02 1.3621063424e+01
7.2050437306e+04 1.0608520426e+05 6.1043588725e+03 2.4380192082e+02 3.5599483222e+02 2.0608143855e+01
1.2827916781e+05 3.7265466898e+04 -4.3720430183e+02 4.1980818809e+02 1.2031304315e+02 -1.5436254712e+00
-8.6996287805e+04 -1.2748846804e+05 -4.2032227036e+03 -2.4542239442e+02 -3.5720134905e+02 -1.1963328666e+01
-1.1246962889e+04 -1.2431684055e+05 5.3198317061e+02 -4.0992606223e+01 -4.3421428901e+02 1.8877211821e+00
3.8543299373e+03 1.3308831625e+05 -5.9511154885e+03 1.4198354882e+01 4.3514954989e+02 -1.9539096024e+01
4.3043388253e+04 1.0087399713e+05 -9.5140243013e+03 1.7055179446e+02 3.9472185324e+02 -3.7443009926e+01
-7.5553040241e+04 -5.6397915345e+04 4.5630530133e+03 -3.5092266698e+02 -2.5914612688e+02 2.1238399878e+01
-4.7169287070e+04 1.1120470453e+05 6.7749052890e+01 -1.6815821582e+02 4.0080299644e+02 -2.3802824498e-02
9.7972577714e+04 -3.3215864060e+04 -8.2099928934e+03 4.0554655884e+02 -1.3964057419e+02 -3.4338022498e+01
7.9372093937e+04 -1.0408104410e+05 -7.9997233425e+03 2.6071801065e+02 -3.4454536988e+02 -2.6584383880e+01
1.4127620858e+05 -4.6159530734e+04 3.4315744809e+03 4.1559877023e+02 -1.3726828960e+02 1.0274748652e+01
3.4632022108e+04 -6.6746573466e+04 -1.0574077972e+03 1.9653738459e+02 -3.8485971872e+02 -6.4152384808e+00
-4.9864968518e+04 1.1171184820e+05 -5.9188454554e+03 -1.7611942725e+02 3.9880384686e+02 -2.1205304643e+01
-8.3835238826e+04 -4.8887556387e+04 5.5174535322e+03 -3.7477479897e+02 -2.1599084146e+02 2.4572288839e+01
9.8658063643e+04 8.5319350127e+04 -1.5915560130e+03 3.2950999507e+02 2.8287968360e+02 -5.5653697737e+00
2.8626387888e+04 2.2801666802e+04 1.0023699147e+03 3.4334398111e+02 2.6602225317e+02 1.1869995886e+01
-6.8561221418e+04 1.5345804157e+05 5.7572947481e+02 -1.7469067988e+02 3.9395001649e+02 1.7759360343e+00
1.2397281233e+05 -3.1567306045e+03 1.2105440362e+04 4.3318320248e+02 -1.2736959619e+01 4.2471565238e+01
-1.0063987971e+05 -4.2309945728e+04 8.3913805404e+02 -3.9940064761e+02 -1.6579954666e+02 3.1739406990e+00
-2.4950996914e+04 -8.6566379394e+04 8.7173409582e+03 -1.2245087497e+02 -4.1629092723e+02 4.1924644610e+01
-1.4382871625e+05 8.0668206856e+03 -7.7943849217e+03 -4.3112052348e+02 2.5677840017e+01 -2.3322267187e+01
1.4223194240e+05 -5.8015259704e+04 -1.8979570659e+04 3.9554028626e+02 -1.6275733950e+02 -5.3206628750e+01
-1.1058020236e+05 -1.0892509501e+05 -1.4384641481e+04 -3.1124213013e+02 -3.0470548340e+02 -4.0617347000e+01
-7.9159381985e+04 -1.3837908095e+04 4.5124468816e+03 -4.2792517892e+02 -7.2108138461e+01 2.4462856692e+01
-6.8279693130e+04 -3.8188658766e+04 6.2254506636e+03 -3.8141256776e+02 -2.1020751538e+02 3.4710605901e+01
-1.0063088243e+05 9.0464139688e+04 -1.9833972040e+02 -3.1918562145e+02 2.8898438626e+02 -9.0219581297e-01
-7.6609850089e+04 -3.8743227176e+04 -3.6469723794e+03 -3.8605188168e+02 -1.9242952967e+02 -1.8353090449e+01
9.7821258590e+04 -5.0300195046e+04 9.4794267199e+03 3.8641285780e+02 -2.0085492417e+02 3.7719880675e+01
5.1114406303e+04 -9.3418626851e+04 5.2357318466e+03 2.0759984300e+02 -3.8356504104e+02 2.1385420947e+01
1.3681473607e+05 -9.5512113951e+04 -1.2066389192e+04 3.6050612572e+02 -2.5324004049e+02 -3.1930237107e+01
5.3847349372e+04 8.0408071826e+04 1.5655745618e+03 2.4193877858e+02 3.5728791117e+02 6.9655160579e+00
4.8037214238e+04 -2.7527276577e+04 -6.8594408502e+01 3.6973117451e+02 -2.1605229038e+02 3.2987242883e-01
1.5119887554e+05 3.5304467858e+04 8.6245925598e+03 4.2471441930e+02 9.7764976739e+01 2.4345630298e+01
-1.5880718380e+05 3.9438337219e+04 2.4169026000e+03 -4.2226600903e+02 1.0621914680e+02 6.4121369347e+00
-1.2524647686e+05 -6.5584412433e+04 -1.9483399444e+04 -3.8559692715e+02 -2.0021858261e+02 -6.0023850578e+01
2.3618262028e+04 -9.3989346417e+04 -8.4816983291e+02 1.0311503355e+02 -4.1925538900e+02 -4.0467423209e+00
-4.0948888863e+04 6.4772450848e+04 -1.3638576127e+03 -2.2929546319e+02 3.6789852127e+02 -7.8861962919e+00
-1.0028615516e+05 -7.9443045290e+04 2.7017131079e+04 -3.3204979591e+02 -2.6101519126e+02 8.9621040449e+01
-1.1727384439e+05 -4.3337491478e+04 -6.9165963795e+03 -4.0279224202e+02 -1.4704113898e+02 -2.3535356486e+01
-1.0361110069e+05 -3.1057813820e+04 8.2350967736e+03 -4.1540040339e+02 -1.2249557313e+02 3.3239458194e+01
7.2429738838e+04 -3.8777122414e+04 7.8571512272e+01 3.7873890405e+02 -2.0572904059e+02 5.1868087263e-01
-7.3265536715e+04 3.3717360358e+04 5.2356347855e+02 -3.8913292435e+02 1.8200169360e+02 2.9892220140e+00
-7.9654435226e+04 4.4364479173e+04 -6.2012895764e+03 -3.7730403215e+02 2.1278372500e+02 -2.9238192870e+01
1.3914815047e+05 4.1917250964e+04 -1.1038299184e+01 4.1385752993e+02 1.2315110955e+02 -2.0088538505e-01
4.2165686714e+04 -1.3197513389e+05 -1.4014472338e+04 1.2935215201e+02 -4.0995281640e+02 -4.3446479188e+01
8.7919903314e+04 -1.2227450953e+05 -1.2379337227e+04 2.5356649010e+02 -3.5497633208e+02 -3.6136900497e+01
-1.0420589566e+05 -4.6552313210e+04 -7.9863430467e+03 -3.8773723626e+02 -1.7125097267e+02 -2.9297101190e+01
1.1255090239e+05 -1.5058880627e+05 -9.3915999783e+03 2.5966649763e+02 -3.4932687671e+02 -2.1698104438e+01
1.7428617838e+04 -1.1543247000e+04 2.6153009213e+02 3.5798766559e+02 -2.4922720057e+02 4.8036747677e+00
-2.8843024626e+04 -8.0426475320e+04 -5.6983807468e+03 -1.4918335813e+02 -4.0858935412e+02 -2.9039085434e+01
3.1108600863e+04 -2.9029546251e+03 -5.4823195529e+03 4.2644533780e+02 -4.6639605572e+01 -7.6042715379e+01
-9.2665031693e+04 -1.1720716738e+05 2.0443147763e+03 -2.7182274707e+02 -3.4153220068e+02 5.8785208360e+00
-8.9037895911e+04 7.4621846252e+04 2.2626809333e+03 -3.3276626511e+02 2.8124121620e+02 8.6784922186e+00
-1.3306972930e+04 1.0211452111e+05 1.2859315494e+03 -5.4405036332e+01 4.3333803939e+02 5.3086366281e+00
1.4393966850e+04 8.4983894801e+04 4.7134295499e+03 7.4732349015e+01 4.2634634975e+02 2.3681267161e+01
9.1598708715e+04 -4.5650534459e+04 8.9534162307e+03 3.8775489815e+02 -1.9557748456e+02 3.8038792035e+01
4.8262102070e+04 -1.0708075372e+05 9.0566606224e+03 1.7751306658e+02 -3.9826132185e+02 3.3608018889e+01
5.9338626120e+04 8.5586538602e+04 -1.0853178376e+04 2.4487934207e+02 3.4967503237e+02 -4.4836546069e+01
-3.2922209095e+03 -3.0299040345e+04 -1.4289794762e+03 -5.3828198656e+01 -4.3058053279e+02 -2.0579686707e+01
-1.4633076249e+05 4.9139241418e+04 -1.1719725678e+04 -4.1329353858e+02 1.4016293982e+02 -3.3454514938e+01
-2.3714956250e+01 4.3579140917e+02 1.7977101757e+01 3.6345929376e+02 1.2139364981e+02 2.4910098413e+01
-7.9988712208e+04 1.2249973259e+05 2.0181824807e+03 -2.3462330494e+02 3.6201016567e+02 5.9581843740e+00
1.2783890228e+04 -1.0204580459e+05 6.6443897110e+03 5.2179586487e+01 -4.3311347481e+02 2.8165800602e+01
-8.9170940419e+03 -4.9575488574e+04 8.6819660809e+02 -8.1526054313e+01 -4.2950584513e+02 7.5072677028e+00
-8.1853902647e+04 -3.9501578209e+03 5.6428620594e+03 -4.3532338910e+02 -1.8420809972e+01 2.9883792596e+01
-7.6997626188e+04 1.2124693572e+05 7.9823828334e+03 -2.2962761096e+02 3.6438692598e+02 2.3928859166e+01
9.4370724614e+04 6.0840908059e+03 -3.7458170611e+03 4.3670690338e+02 2.5913729991e+01 -1.7309404546e+01
4.0845180997e+04 -9.6736275368e+04 1.7037384669e+03 1.6739054286e+02 -4.0163895319e+02 7.1838723062e+00
-6.3478133151e+04 -1.1602916342e+05 3.2141666777e+03 -2.0908811823e+02 -3.7880991538e+02 1.0506645325e+01
7.6763377885e+04 1.7342930068e+04 1.4865105086e+03 4.2763799774e+02 9.3876377046e+01 8.4879813610e+00
7.1940260302e+04 -1.4741881385e+05 -7.0109315852e+03 1.9028774940e+02 -3.9294720394e+02 -1.8617784147e+01
6.5747497354e+04 -1.3294017161e+05 -5.2309572749e+03 1.9234333507e+02 -3.9202639490e+02 -1.5659803032e+01
-2.0820757837e+04 6.6441191762e+04 -9.6152604984e+02 -1.2300074559e+02 4.0207755631e+02 -5.0448078651e+00
-1.0297121673e+05 -9.6233207139e+04 6.6228760305e+03 -3.1755300503e+02 -2.9469652474e+02 2.0344834075e+01
-9.4437947149e+04 -4.7106555399e+04 -8.4400489865e+03 -3.8793084081e+02 -1.9124169070e+02 -3.4530875369e+01
1.3090006968e+05 1.9131780339e+04 -1.2833963559e+04 4.2839920253e+02 6.0986135301e+01 -4.1913553767e+01
7.9859652961e+04 -2.9557991214e+04 2.1978038604e+02 4.0554184353e+02 -1.5271726661e+02 1.4297411824e+00
1.6110707344e+05 -4.1557487794e+04 7.3584936137e+03 4.2221499290e+02 -1.1025630252e+02 1.9235150749e+01
8.5784599751e+04 5.4091928751e+04 1.0890495362e+04 3.6481377633e+02 2.2767543385e+02 4.6667666662e+01
-1.1448200057e+05 9.9299887905e+04 -9.7854676679e+03 -3.2557006331e+02 2.8422605924e+02 -2.8101057134e+01
-3.4417298439e+04 -1.2344712587e+05 -5.1130488499e+03 -1.1843027691e+02 -4.1860692351e+02 -1.7308925682e+01
4.1718009067e+03 -5.8674963325e+04 -1.0647499034e+03 2.7386645045e+01 -4.3523215533e+02 -7.5052694097e+00
2.6090493662e+04 -1.2448768531e+05 9.1321318127e+03 8.6955382605e+01 -4.2283692025e+02 3.1279768535e+01
-1.0793277426e+04 8.8068990449e+04 -8.6579333231e+02 -5.0317746991e+01 4.3031543313e+02 -4.0933702399e+00
-1.0767394900e+05 3.1381113366e+04 -2.3423533574e+02 -4.1248255135e+02 1.2220252515e+02 -1.0318877602e+00
-9.7309092213e+03 9.4512827081e+04 -4.4447682830e+03 -4.1717500557e+01 4.2679383536e+02 -2.0382057861e+01
5.0528681527e+02 3.9294273350e+04 -2.2348491293e+02 1.1010732276e+01 4.3663668813e+02 -2.5755539962e+00
-1.8925021880e+04 6.6904617548e+04 -3.0521067644e+03 -1.1532733057e+02 4.1872383035e+02 -1.9501522358e+01
-1.9904932963e+04 1.0462137607e+05 -8.0844033557e+02 -7.7834369668e+01 4.1965038267e+02 -3.5392441871e+00
6.6885355862e+04 -4.7458167164e+04 3.8909086493e+03 3.5413105657e+02 -2.5444814816e+02 2.0802957760e+01
-4.2345822850e+04 5.8965611648e+04 5.0511263181e+03 -2.4915283796e+02 3.5191407912e+02 3.0383461240e+01