-2.7098947047e+04 -2.7154471840e+04 3.2718380923e+02 -3.1542098173e+02 -3.0817063059e+02 3.8812587176e+00
1.0761556147e+05 -1.0694422283e+05 4.2020621893e+03 3.0847109195e+02 -3.0853047841e+02 1.2225986269e+01
1.0326221433e+05 5.3044918394e+04 1.5974580801e+04 3.8023019289e+02 1.9338896695e+02 5.9235084809e+01
-1.1007842344e+05 7.9830283992e+03 6.6688982195e+03 -4.3607894547e+02 3.3583915284e+01 2.6421006520e+01
6.2277073683e+02 1.1695423029e+05 4.3782859759e+03 4.1695814075e+00 4.3891256903e+02 1.6388655108e+01
-2.4225963344e+03 7.1062435665e+04 1.0547780585e+03 -1.1693437321e+01 4.2998550040e+02 5.8980936236e+00
8.4812658685e+04 -4.5862625585e+04 4.5560356972e+03 3.8626435119e+02 -2.1128262061e+02 2.1247475682e+01
-1.2517442703e+05 -1.8219314509e+04 8.8647442638e+03 -4.2971201098e+02 -6.0822748671e+01 3.0297980561e+01
-1.0776268419e+05 8.0070472391e+04 -6.8418622612e+03 -3.4820911204e+02 2.6062182753e+02 -2.2519507453e+01
-2.4000293665e+04 1.3170420127e+05 -2.1146886340e+03 -7.7639977535e+01 4.3490659627e+02 -7.0876659191e+00
7.5535413833e+04 1.1511632360e+05 -4.2609798628e+03 2.4175915130e+02 3.6560801893e+02 -1.3678075042e+01
-4.1264752608e+04 -1.5300646911e+05 1.5302375494e+04 -1.1627682096e+02 -4.2588546711e+02 4.2689940042e+01
8.4564155430e+04 -9.8401010655e+04 1.2598870353e+03 2.8585980839e+02 -3.3517291317e+02 4.3033481904e+00
-8.6529030903e+04 1.0675362644e+05 -7.2416564199e+03 -2.7430210923e+02 3.4090897228e+02 -2.3092421440e+01
-6.1877025162e+04 9.7355650267e+04 -1.1381113945e+04 -2.3317231067e+02 3.7034499912e+02 -4.3259721732e+01
1.3385589382e+04 -9.9146931172e+04 -2.4864446118e+03 5.6789851645e+01 -4.3660184837e+02 -1.0833538783e+01
-1.1629495144e+05 4.7652838882e+04 -7.3878294242e+03 -4.0566652167e+02 1.6801527702e+02 -2.6095497665e+01
1.0186412695e+05 3.6144259218e+04 -1.3268714384e+04 4.0916007736e+02 1.4306627129e+02 -5.3387943482e+01
1.3088345769e+05 -3.4201107758e+04 -1.2327047795e+04 4.2026349631e+02 -1.1146801622e+02 -3.9727781320e+01
1.4944853236e+05 2.2747263839e+04 1.0133249715e+04 4.3020012911e+02 6.4035785389e+01 2.9288033717e+01
8.0696281808e+04 1.1491728850e+04 -9.0960213771e+02 4.3005361064e+02 5.8601131869e+01 -4.5456167693e+00
-1.1488710396e+05 5.3323976194e+04 -7.7298233683e+03 -3.9701514718e+02 1.8614538556e+02 -2.6819885340e+01
-6.5737047269e+03 -1.0248808592e+05 4.1868662164e+03 -3.0301518936e+01 -4.3997443712e+02 1.7906665345e+01
2.2907173992e+04 1.3243567664e+05 -1.0052259131e+04 7.5772900576e+01 4.2892637595e+02 -3.2838931714e+01
-3.6798418292e+04 2.6655411397e+04 1.1504001534e+03 -3.5199143016e+02 2.6081831819e+02 1.1230103109e+01
-7.7347028880e+04 1.5387391142e+05 -3.3464071413e+04 -1.9591574004e+02 3.9254827712e+02 -8.5408749113e+01
1.0275531384e+05 7.6844179778e+04 1.4406760269e+04 3.5008954036e+02 2.5970822442e+02 4.8998823942e+01
-3.6410727622e+04 -1.0818281999e+05 -2.7989420081e+03 -1.4136867902e+02 -4.1416504855e+02 -1.0892360814e+01
7.4124076534e+04 -6.0854356086e+04 5.8178654685e+03 3.3731618889e+02 -2.7977341977e+02 2.6889243946e+01
-1.2670377292e+05 -7.8731888469e+04 -1.6837548247e+03 -3.7707415068e+02 -2.3262953551e+02 -5.1168436199e+00
1.5568231442e+05 1.8834112473e+04 -4.7947059889e+03 4.2706256325e+02 5.0362287550e+01 -1.2824721760e+01
-4.8123996207e+04 -1.5089222684e+05 -1.7154327439e+03 -1.3424352485e+02 -4.1657151392e+02 -4.5043085983e+00
-2.4681363700e+04 -8.2470938184e+04 -7.0998008192e+02 -1.2809575270e+02 -4.1935142043e+02 -3.4554616431e+00
2.9431143592e+03 -8.3785183633e+04 1.4922099769e+03 1.2899399687e+01 -4.3923185828e+02 8.0806542915e+00
-1.3501017176e+05 3.0863276569e+04 -1.0780216172e+04 -4.1855968915e+02 9.7249560608e+01 -3.3702022644e+01
8.2727742183e+03 -9.1582310808e+04 -1.5504588545e+02 3.7010054940e+01 -4.3572752328e+02 -8.5402203660e-01
1.1012991853e+05 3.1983039629e+04 1.1586242934e+04 4.2270233337e+02 1.2080980455e+02 4.4505952886e+01
1.0993152702e+05 -1.6825472389e+04 5.5135584851e+03 4.3061908470e+02 -6.7865899683e+01 2.1740723332e+01
1.6394719336e+05 -4.0770243548e+04 7.1567505382e+03 4.2649910482e+02 -1.0738659915e+02 1.8742233222e+01
-3.7116033027e+04 9.5184426356e+04 1.0512203217e+03 -1.5748631677e+02 4.0966484426e+02 4.4861608346e+00
4.3743698464e+04 4.4030381359e+04 3.1874441604e+03 3.0786409054e+02 3.0522969642e+02 2.1577454835e+01
1.2283406303e+05 1.0012798979e+05 3.8498225006e+02 3.4042222534e+02 2.7574454027e+02 9.2719638890e-01
-1.6567139286e+05 -2.7351672028e+04 1.6683501330e+03 -4.3765504294e+02 -7.0958467524e+01 4.4412948078e+00
-6.3272253225e+04 -1.3054476644e+05 1.0551932580e+04 -1.9241316048e+02 -3.9368958016e+02 3.2137661547e+01
9.1872818867e+04 -4.5190790570e+04 1.0553257903e+04 3.8942688096e+02 -1.9391300365e+02 4.4831840545e+01
-8.2224406971e+04 -8.2786922012e+03 3.7858207680e+03 -4.3779453346e+02 -4.1466743251e+01 2.0123678222e+01
-1.3741481694e+03 -1.3246710688e+05 -2.5587065410e+03 -5.8687543988e+00 -4.2888779651e+02 -8.8037717161e+00
-4.3992907339e+04 -1.2210427709e+05 -2.1497618898e+02 -1.4817783309e+02 -4.0645929422e+02 -4.8614539450e-01
-5.9265646795e+04 -9.5987680350e+04 1.2471743326e+04 -2.3132099382e+02 -3.7104044668e+02 4.8514230704e+01
6.1547037526e+04 6.4394292571e+04 -3.1678881999e+03 3.0641709957e+02 3.1711907464e+02 -1.5711722744e+01
-5.9601455384e+04 -6.3589706034e+04 -5.7311622639e+03 -3.0121384860e+02 -3.1775009477e+02 -2.8814374177e+01
-8.6762007714e+04 -4.2299014023e+04 -1.1154319076e+04 -3.9271276750e+02 -1.8898681115e+02 -5.0587675992e+01
1.0489830896e+05 1.0640302297e+05 -9.9031325579e+03 3.0767480834e+02 3.1003597186e+02 -2.8855296593e+01
1.2812348075e+05 -6.4998051965e+04 1.3737335993e+04 3.8976492934e+02 -1.9939946405e+02 4.1996269217e+01
1.3889905616e+05 -6.6946758588e+04 -3.9087347028e+03 3.9542092825e+02 -1.9207762983e+02 -1.0907908378e+01
-3.3118865908e+04 -1.1374433300e+05 2.9025964478e+03 -1.2091232817e+02 -4.0914954981e+02 1.0890064099e+01
1.2082916093e+05 -1.4411746067e+05 -5.9280591938e+03 2.7722606414e+02 -3.3244179595e+02 -1.3734009043e+01
1.5897937303e+04 2.4453971177e+04 1.6595078878e+03 2.4327846471e+02 3.6057208794e+02 2.4622670736e+01
5.1733804350e+04 -7.3937141677e+04 -1.8409289236e+03 2.4746959449e+02 -3.5783041846e+02 -9.0702351828e+00
-1.4681026824e+04 3.6733124575e+04 -1.0865561510e+03 -1.5388171564e+02 3.9897474123e+02 -1.2966201904e+01
-2.7061647256e+04 -1.5103774809e+05 -7.7599160706e+03 -7.9184280324e+01 -4.3399848041e+02 -2.2278939929e+01
-1.2049139010e+05 -3.8888019933e+03 6.7797030589e+03 -4.3837814545e+02 -1.2379717450e+01 2.4837800364e+01
-9.6929114086e+04 4.8412121898e+04 7.1708307302e+03 -3.9184166896e+02 1.9792482195e+02 2.9117061084e+01
-7.2468912181e+04 5.6201833204e+04 1.4906425711e+03 -3.4323480857e+02 2.6915503943e+02 7.2475414243e+00
9.4246534868e+04 5.0682096622e+04 2.0192601449e+03 3.8303660144e+02 2.0371042298e+02 8.3976870592e+00
1.1647700302e+05 -3.7479523641e+04 6.6053078366e+03 4.1884344125e+02 -1.3660483404e+02 2.3690216856e+01
-3.1820805837e+04 1.0547488508e+05 -1.6330423638e+04 -1.2422048679e+02 4.1844034058e+02 -6.4961738405e+01
3.8872028921e+04 2.5368285310e+03 -5.4368405292e+02 4.3437142485e+02 2.2797765654e+01 -6.4006440013e+00
-1.5596838897e+05 -2.3432961728e+04 -7.6455871272e+03 -4.3440690965e+02 -6.3949990052e+01 -2.1041791630e+01
8.8068944211e+02 1.0234067301e+03 -9.4093342180e+00 3.8767211746e+02 2.0921823022e+02 1.1878812648e+01
-1.4140003712e+05 5.1700832571e+04 -1.2763744648e+03 -4.0957278797e+02 1.5128718209e+02 -3.7229832719e+00
9.6922177676e+04 -4.7524450067e+04 4.1475036913e+03 3.9185332963e+02 -1.9434641639e+02 1.6977937359e+01
4.4185713177e+04 -3.4522855695e+04 -1.1167640898e+03 3.4067547282e+02 -2.7107709104e+02 -8.6513241209e+00
-3.3917196308e+04 -8.1003241234e+04 -7.3683011216e+03 -1.7039129563e+02 -4.0056290666e+02 -3.6443424350e+01
-1.4370153956e+05 3.6655039669e+04 -7.0304457620e+03 -4.2317901074e+02 1.0944322962e+02 -2.0794282076e+01
4.3684138164e+04 9.0299521232e+04 -2.6570413834e+03 1.9412746201e+02 3.9639910716e+02 -1.1813090146e+01
1.0474169184e+05 -3.3005263028e+04 -4.9661864488e+03 4.1468493596e+02 -1.3273994715e+02 -1.9660495359e+01
2.6178000722e+04 -1.3483321998e+05 -3.4088536170e+03 8.2538044343e+01 -4.3329548926e+02 -1.0980133101e+01
1.8371628552e+04 8.2355152717e+04 -4.1195053605e+02 9.7456935614e+01 4.2519048082e+02 -2.3250403457e+00
1.2605362326e+05 -1.1054916586e+05 -3.2200676473e+03 3.3206768867e+02 -2.9294235057e+02 -8.5954197233e+00
1.2539647372e+05 -8.4138462677e+04 -1.5164726447e+04 3.5987057316e+02 -2.4316159197e+02 -4.3829812799e+01
-7.6153174714e+04 1.1334827439e+03 5.5008458479e+03 -4.2444564645e+02 8.9915380723e+00 3.0027357525e+01
-3.4124693260e+04 -1.4123911321e+05 -7.0153225798e+03 -1.0455603656e+02 -4.2643757359e+02 -2.1253591338e+01
-2.9348273455e+04 -1.0622251347e+05 -5.4829160273e+03 -1.1815802103e+02 -4.2036743764e+02 -2.1582185763e+01
8.8325889538e+04 1.0359627192e+05 -7.7972280381e+03 2.8250446980e+02 3.2892504485e+02 -2.4674664247e+01
7.5639751807e+04 5.0139481453e+04 -9.6416516255e+03 3.6590044361e+02 2.3969339495e+02 -4.6510580777e+01
1.6765974963e+05 3.0912722732e+04 5.3259542684e+03 4.3656416960e+02 7.9200840842e+01 1.3966991609e+01
-4.2204089670e+03 1.0603226534e+05 -7.5692930960e+03 -1.4977411608e+01 4.2514298361e+02 -3.0796677536e+01
-1.5369991274e+05 2.5145972545e+04 -2.9640286828e+03 -4.3122751444e+02 7.1924516643e+01 -8.1437428980e+00
5.1178633839e+04 -1.2164182078e+05 -2.2787451884e+03 1.6752288225e+02 -4.0238005761e+02 -7.4347224305e+00
6.4593783267e+04 -1.1669069108e+04 4.8891714088e+03 4.2643133027e+02 -8.0360004800e+01 3.2654318595e+01
9.8465359000e+04 -8.7255122026e+04 1.6184455539e+04 3.2409860070e+02 -2.8936946320e+02 5.3648722810e+01
-8.2214992455e+04 4.6003477864e+04 1.3154024245e+03 -3.8439335671e+02 2.1766988628e+02 6.3195284953e+00
-9.1318749923e+04 -7.4426639503e+04 -3.3186116895e+03 -3.4034037460e+02 -2.7503742187e+02 -1.2462203189e+01
-8.4083311528e+04 5.5696425967e+04 1.0980500679e+04 -3.6048833541e+02 2.4135861299e+02 4.7121933758e+01
-4.7052990436e+04 -9.6019569619e+02 -6.3165821797e+02 -4.4129492298e+02 -4.4619801125e+00 -5.9649601672e+00
-7.0123725756e+04 2.5859683001e+04 1.8447567883e+03 -4.0304397533e+02 1.5167314383e+02 1.1012684454e+01
-8.5903664562e+04 7.0180319410e+04 -7.8929857353e+03 -3.3207890721e+02 2.7377502453e+02 -3.0895404843e+01
7.9608865827e+04 3.6584701064e+04 -3.7924383381e+03 3.9578334328e+02 1.7916409584e+02 -1.8915751766e+01
-7.1976620499e+04 -3.3631308990e+04 -3.3064860094e+03 -3.9591195526e+02 -1.8206093506e+02 -1.8525257810e+01