-3.0024070532e+04 1.4134678535e+04 4.7916613797e+02 -3.9436841137e+02 1.9274943981e+02 6.3119268308e+00
3.1113134178e+04 -1.4568375368e+05 -1.1038911028e+04 8.9549584407e+01 -4.2616006679e+02 -3.2368057324e+01
1.0895161579e+05 -2.9164294543e+04 4.3808985036e+03 4.1257613403e+02 -1.1220956470e+02 1.7165794570e+01
-6.8758806071e+04 8.1696179014e+04 6.6497667368e+03 -2.8034486350e+02 3.3619397812e+02 2.7324199383e+01
8.1409175360e+04 7.7836394284e+04 -1.0424811032e+02 3.1378159124e+02 2.9737392839e+02 -2.9243680546e-01
5.9731137459e+04 3.0139324165e+04 -9.4590396065e+03 3.8926833387e+02 1.9283270784e+02 -6.1619520620e+01
1.2469527697e+04 -9.1365428750e+04 -1.3128495456e+04 5.6270880243e+01 -4.2937635943e+02 -6.1913224235e+01
-1.0726578160e+05 6.1835878227e+04 1.1426014100e+04 -3.7789674590e+02 2.1983661928e+02 4.0334621820e+01
-1.4199128228e+04 1.3013173883e+05 2.0908696858e+04 -4.5290681230e+01 4.3002160598e+02 6.9289005596e+01
6.2599558892e+04 1.1387383209e+05 6.1618751906e+03 2.1202397264e+02 3.8229322528e+02 2.0807349692e+01
1.2695046685e+05 4.3525018598e+04 7.8766550861e+03 4.1218723851e+02 1.3963132326e+02 2.5599804993e+01
-9.5891917495e+04 -1.2133053895e+05 -4.9885683494e+03 -2.7044406938e+02 -3.3995646136e+02 -1.4173305143e+01
9.4771659590e+03 -1.2594857097e+05 -1.7226025870e+03 3.1127999128e+01 -4.3622136009e+02 -5.9733383727e+00
-9.1232368005e+03 1.3377845522e+05 5.2544335180e+03 -2.7990950452e+01 4.3395020350e+02 1.6996014675e+01
2.5600760424e+04 1.0857021617e+05 -9.5926459832e+03 1.0217213348e+02 4.2502773854e+02 -3.7765332411e+01
-6.6028662139e+04 -6.9532107972e+04 -4.0349201679e+03 -3.0349159764e+02 -3.1638131767e+02 -1.8388892048e+01
-4.1545391868e+04 1.1431019546e+05 1.5382564695e+04 -1.4657035364e+02 4.0842873528e+02 5.5021108535e+01
9.8797024465e+04 -3.3737447617e+04 -8.9847911401e+03 4.0913274647e+02 -1.4183663868e+02 -3.7570657956e+01
8.9067680747e+04 -9.8696893525e+04 -8.2582012225e+03 2.9281330247e+02 -3.2682278226e+02 -2.7446222563e+01
1.3381672899e+05 -6.3942310646e+04 -1.4080868145e+04 3.9078169490e+02 -1.8834384856e+02 -4.1218944160e+01
4.4978500906e+04 -6.2673589543e+04 7.5987932212e+03 2.5249743546e+02 -3.5657671720e+02 4.3186102698e+01
-4.9222219046e+04 1.1238675748e+05 6.0995801542e+03 -1.7230633327e+02 3.9778602741e+02 2.1501033823e+01
-7.7009639197e+04 -6.0958668780e+04 6.0671776488e+02 -3.4072342761e+02 -2.6692772306e+02 2.8293523197e+00
1.1646423036e+05 5.9023646878e+04 1.7790998302e+04 3.8574063555e+02 1.9364176846e+02 5.8881980553e+01
1.7660037908e+04 3.5733390068e+04 6.3420879660e+02 1.9651479938e+02 3.8542732372e+02 6.7427126833e+00
-6.1241654321e+04 1.5694927191e+05 1.8079459250e+03 -1.5593586396e+02 4.0293628667e+02 4.9405532241e+00
1.2499073441e+05 -5.9120684366e+03 1.2428616622e+04 4.3684464113e+02 -2.2353276968e+01 4.3614194951e+01
-9.9188143620e+04 -4.9114913926e+04 3.8749460150e+02 -3.9377646371e+02 -1.9286322845e+02 1.3809426167e+00
-3.1438101129e+03 -9.1489640683e+04 1.9962828382e+03 -1.7234507510e+01 -4.3496875734e+02 9.8087010706e+00
-1.4483480820e+05 5.0556290750e+03 -7.5049196262e+03 -4.3420968812e+02 1.6646156251e+01 -2.2457369210e+01
1.4051988123e+05 -6.4113667323e+04 -2.0189178725e+04 3.9082392303e+02 -1.7975847855e+02 -5.6587874372e+01
-1.2025709019e+05 -9.8760818496e+04 -1.5377698133e+04 -3.3844763839e+02 -2.7620869324e+02 -4.3414761200e+01
-7.8148236978e+04 -2.3378892549e+04 -2.2960872754e+03 -4.1709570408e+02 -1.2204058700e+02 -1.2103988693e+01
-6.8639229179e+04 -3.8573395216e+04 -7.6110715571e+02 -3.7837127666e+02 -2.0952952853e+02 -3.9384876579e+00
-9.6872442252e+04 9.5712883356e+04 -1.4351596893e+03 -3.0729132402e+02 3.0574011962e+02 -4.8460638810e+00
-6.8254916419e+04 -5.4617017158e+04 1.1831615224e+03 -3.3999636916e+02 -2.6891661939e+02 5.7643991635e+00
9.5083553329e+04 -5.5548623673e+04 -8.0364108601e+03 3.7199397160e+02 -2.1957499736e+02 -3.1401192395e+01
6.6435759438e+04 -8.4932129887e+04 2.8902794511e+03 2.6769243515e+02 -3.4541302582e+02 1.1874266137e+01
1.2958748628e+05 -1.0557480901e+05 -1.2172575097e+04 3.4145256786e+02 -2.7984383256e+02 -3.2214591242e+01
4.9338761963e+04 8.4563750165e+04 1.4856180487e+03 2.2189889649e+02 3.7599176480e+02 6.6111871428e+00
4.8693284816e+04 -2.8409268176e+04 1.0380532512e+03 3.7524123002e+02 -2.2297580339e+02 8.9457067439e+00
1.5345341256e+05 2.7690409237e+04 9.0839380325e+03 4.3109829014e+02 7.6402861719e+01 2.5640667853e+01
-1.5911115888e+05 4.1630052016e+04 2.3139250518e+03 -4.2312020372e+02 1.1205782908e+02 6.1384207404e+00
-1.2955815487e+05 -5.8486213281e+04 -1.9705386792e+04 -3.9892395948e+02 -1.7843725032e+02 -6.0718220989e+01
3.2558579530e+04 -9.3055736243e+04 1.0069684898e+04 1.4139786522e+02 -4.1071112223e+02 4.4484997318e+01
-4.4276643901e+04 6.3921594661e+04 3.9666263789e+03 -2.4478764176e+02 3.5825498854e+02 2.2156190027e+01
-7.6078806351e+04 -1.0153633707e+05 -7.7028945274e+03 -2.4812547738e+02 -3.2857908836e+02 -2.5495950674e+01
-1.1113302720e+05 -6.1786848296e+04 -6.4842424081e+03 -3.8180754584e+02 -2.1038716388e+02 -2.2054626745e+01
-1.0616290997e+05 -2.4625888109e+04 8.9831277535e+03 -4.2576881781e+02 -9.6784519382e+01 3.6253667548e+01
8.1119133971e+04 -2.1931764354e+04 -2.9097832320e+03 4.1900747798e+02 -1.1593251472e+02 -1.5109899002e+01
-8.0025177161e+04 1.9541789313e+04 -5.4059894747e+03 -4.1976467840e+02 1.0519634440e+02 -2.8474182007e+01
-8.6473714885e+04 3.2642647635e+04 -7.7107759385e+03 -4.0508441538e+02 1.5534450987e+02 -3.6522315959e+01
1.3938838429e+05 4.5487218619e+04 -5.9953030527e+02 4.1463543102e+02 1.3379566648e+02 -1.9526119639e+00
5.9697732494e+04 -1.2671891767e+05 -1.3796952465e+04 1.8378418292e+02 -3.9369806147e+02 -4.2778955784e+01
7.9455279286e+04 -1.2876533714e+05 -1.3433271132e+04 2.2907824428e+02 -3.7383955773e+02 -3.9201219784e+01
-1.0447860477e+05 -4.8313250551e+04 -6.5057857068e+03 -3.8884650756e+02 -1.7786696706e+02 -2.3794955745e+01
9.2316959541e+04 -1.6251510837e+05 -8.9862142829e+03 2.1281356959e+02 -3.7696402323e+02 -2.0759833863e+01
2.2387522475e+04 -6.2002644001e+03 -9.9329186612e+02 4.1896689091e+02 -1.2554911528e+02 -1.8400142177e+01
-3.1382148468e+04 -7.9860339787e+04 3.8497830677e+02 -1.6019151253e+02 -4.0082407135e+02 1.7456294304e+00
2.8374856235e+04 1.8318535541e+04 3.1153038129e+03 3.6497254246e+02 2.2845656712e+02 4.1164636817e+01
-9.9471035160e+04 -1.1263662814e+05 1.5413994664e+03 -2.9174698189e+02 -3.2822721246e+02 4.4073980490e+00
-8.0891753072e+04 8.3710904988e+04 -9.9854660312e+03 -2.9944929807e+02 3.1254903218e+02 -3.7168035630e+01
-2.9888620738e+04 1.0022430461e+05 6.0507302608e+03 -1.2344246878e+02 4.2102105636e+02 2.5510290356e+01
8.7447573923e+02 8.7491093600e+04 -4.1257707592e+02 6.7809427547e+00 4.3373552559e+02 -1.8933778095e+00
9.7952221963e+04 -3.2593915419e+04 -1.7199827999e+03 4.1051570432e+02 -1.3876681222e+02 -7.0251974516e+00
6.7255982519e+04 -9.7584336209e+04 1.0230422092e+03 2.4580306776e+02 -3.5978878483e+02 3.9443496260e+00
4.9405273312e+04 9.3896899531e+04 -1.1304404979e+04 2.0419204944e+02 3.8388929528e+02 -4.6709214251e+01
1.2407406552e+04 -3.0811685575e+04 9.4921280393e+02 1.5812246293e+02 -4.0972391267e+02 1.2940403642e+01
-1.4535159944e+05 5.4618111317e+04 -1.2747483822e+04 -4.1059204300e+02 1.5567185908e+02 -3.6371136281e+01
-4.6563091643e+01 3.5837019291e+02 1.5106901043e+01 1.9910932849e+02 3.1842222442e+02 2.4910838797e+01
-9.7878185481e+04 1.1100076349e+05 2.0048035450e+03 -2.8742192817e+02 3.2815041239e+02 5.9196993204e+00
2.5417119693e+04 -1.0067769220e+05 1.2248335283e+03 1.0467836963e+02 -4.2297375901e+02 5.3203693020e+00
-4.1717728445e+03 -5.1327799022e+04 3.9842375376e+02 -3.9578587845e+01 -4.3589253697e+02 3.4959330468e+00
-8.0720488088e+04 -2.2306460119e+04 -7.9070472110e+03 -4.1845942057e+02 -1.1297110721e+02 -4.0952461308e+01
-9.9008043716e+04 1.0647458007e+05 7.8792483470e+03 -2.9567316173e+02 3.2013840253e+02 2.3623419876e+01
9.3656751711e+04 2.1593529586e+04 -9.8725713204e+02 4.2863590264e+02 9.6566855188e+01 -4.6412231611e+00
5.2117564557e+04 -9.2648828990e+04 -5.2667431952e+03 2.1196178906e+02 -3.8091054295e+02 -2.1627112054e+01
-5.8311323596e+04 -1.2042243172e+05 3.1223762812e+03 -1.9220621619e+02 -3.9327578744e+02 1.0208154707e+01
7.6622522456e+04 2.2359243559e+04 -5.0447809582e+03 4.2124528872e+02 1.2014717350e+02 -2.7746590522e+01
5.1497970289e+04 -1.5569785598e+05 -6.6244764512e+03 1.3587570261e+02 -4.1503107635e+02 -1.7590209556e+01
3.9894907743e+04 -1.4282287327e+05 2.1262169435e+04 1.1528839254e+02 -4.1814582859e+02 6.2236767575e+01
-3.1992855809e+04 6.4200751722e+04 -1.3133530232e+01 -1.9072671785e+02 3.8878901161e+02 7.0994920213e-01
-1.0557841788e+05 -9.4831433697e+04 6.4261478892e+03 -3.2561521276e+02 -2.9044303258e+02 1.9742774536e+01
-9.6160425980e+04 -4.5497004347e+04 -7.9564104829e+03 -3.9512696446e+02 -1.8473091160e+02 -3.2556468386e+01
1.2830021714e+05 3.3208115336e+04 -4.3576564595e+03 4.1657532526e+02 1.0617452365e+02 -1.4354508931e+01
8.2256919181e+04 -2.6863357670e+04 -8.9823495301e+03 4.1271179879e+02 -1.3738445589e+02 -4.5307476578e+01
1.5400192708e+05 -6.3379901032e+04 6.8349810688e+03 4.0360543343e+02 -1.6751980239e+02 1.7863030392e+01
7.4685586724e+04 6.9666651715e+04 6.3129445729e+02 3.1130284069e+02 2.8764144649e+02 2.1695592883e+00
-1.1583315568e+05 9.9944517515e+04 -1.0308894576e+04 -3.2947405815e+02 2.8609057799e+02 -2.9600946052e+01
-4.1088503708e+04 -1.2146191984e+05 -3.4767912621e+03 -1.3995525336e+02 -4.0848950163e+02 -1.1810387057e+01
1.6440524962e+04 -5.8481881139e+04 4.2945610873e+03 1.1405411839e+02 -4.1868978750e+02 3.0465316559e+01
2.8013374967e+04 -1.2561683884e+05 9.8404147479e+03 9.3532740388e+01 -4.2676505954e+02 3.3697226880e+01
-8.3038256611e+03 8.9135637166e+04 -4.4477061656e+02 -3.8212755653e+01 4.3573413270e+02 -2.0332160725e+00
-1.1364487833e+05 1.1786687671e+04 -4.4551120162e+02 -4.3551778637e+02 4.7027877207e+01 -1.8453287979e+00
-2.1638642895e+04 9.4563186375e+04 -4.9218652162e+03 -9.5558806024e+01 4.2717682842e+02 -2.2552562581e+01
-1.5221283890e+04 3.8949679819e+04 -1.0144699527e+02 -1.5505368444e+02 4.1070835998e+02 -9.8900277752e-01
-1.3009898734e+04 6.8826588724e+04 -3.8609521492e+03 -7.8459994048e+01 4.3105780612e+02 -2.4591492451e+01
-1.8602805623e+04 1.0557694134e+05 -1.8661439085e+03 -7.2656188106e+01 4.2361731748e+02 -7.7880311790e+00
7.2832398905e+04 -4.0429562839e+04 -2.7162919622e+03 3.8088089571e+02 -2.1435722659e+02 -1.4162716296e+01
-6.3270272925e+04 4.0172923577e+04 3.8887674345e+00 -3.6278172182e+02 2.3367434689e+02 -3.5813958474e-01