3.0833429425e+04 -3.3925127448e+04 8.0080801405e+02 2.9417137700e+02 -3.3070256244e+02 7.7723689950e+00
1.5106692909e+05 -3.8123346092e+04 4.9667621613e+03 4.2722997286e+02 -1.0924350093e+02 1.3949588811e+01
4.4715187308e+04 1.1280546653e+05 4.9810880886e+03 1.6242209622e+02 4.0537506065e+02 1.7463050342e+01
-7.7437347366e+04 -8.6149113561e+04 5.2163044761e+03 -2.9830856186e+02 -3.2908591542e+02 1.9938393558e+01
-7.0576705263e+04 9.7760456031e+04 2.0689060912e+03 -2.5554713677e+02 3.5706002355e+02 7.4441299351e+00
-7.4408254764e+04 2.2186788147e+04 -4.0195583829e+03 -4.1466791332e+02 1.2651738770e+02 -2.2034215084e+01
8.5807318419e+04 5.3186234930e+04 -1.5326175986e+03 3.6998994748e+02 2.2688137007e+02 -6.9845331409e+00
-7.9013624245e+04 -1.0421791200e+05 3.7710639671e+03 -2.6488333873e+02 -3.4664139506e+02 1.2403136471e+01
-1.3611367221e+05 1.9623438883e+04 -1.8149175817e+04 -4.2958034809e+02 6.3496841453e+01 -5.7584363636e+01
-1.0655745431e+05 8.7512904035e+04 -5.2156772474e+03 -3.4132742451e+02 2.8234716443e+02 -1.6851289950e+01
-7.4065109986e+03 1.4231089344e+05 -1.7712124353e+03 -2.1661425410e+01 4.4509265094e+02 -5.4403174226e+00
2.2435585040e+04 -1.6052930079e+05 -6.9111933138e+03 6.0683686463e+01 -4.4379026033e+02 -1.8986210329e+01
1.3346866831e+05 -1.3534525190e+04 1.7657255189e+03 4.4058298870e+02 -4.6302674537e+01 5.8473166701e+00
-1.3955520595e+05 2.8670673930e+04 5.0480076983e+03 -4.3611685412e+02 9.1135714826e+01 1.5881809677e+01
-1.1886639443e+05 1.9725993419e+04 -1.1037307333e+04 -4.3674997923e+02 7.4298564687e+01 -4.0569941288e+01
9.3861745335e+04 -4.7731398758e+04 -5.8028312440e+03 3.9302720259e+02 -2.0217880109e+02 -2.4444132187e+01
-1.2371050405e+05 -4.0309240269e+04 -1.3937262277e+04 -4.2061031496e+02 -1.3532701642e+02 -4.7556821805e+01
3.6457855774e+04 1.0712800599e+05 5.1791882720e+03 1.4454969139e+02 4.1901802662e+02 2.0615844998e+01
1.2157240217e+05 7.0385167194e+04 5.1596460159e+03 3.8431976516e+02 2.2075311049e+02 1.6471208793e+01
1.2603156176e+05 9.2180739016e+04 -1.3497556297e+04 3.6032635993e+02 2.6182492686e+02 -3.8495075238e+01
2.9935594928e+04 8.2519262662e+04 -8.9939040682e+03 1.5280846712e+02 4.1396341648e+02 -4.5300449119e+01
-1.2861215031e+05 -2.0811751995e+04 -7.7664794374e+03 -4.3334672826e+02 -6.8422645446e+01 -2.6134892184e+01
7.7886473981e+04 -7.3697908362e+04 5.4729363774e+03 3.1809710451e+02 -3.0378163291e+02 2.2565325414e+01
-5.7366975066e+04 1.2656955911e+05 -2.9796751293e+03 -1.8120947431e+02 4.0346576343e+02 -9.2511640297e+00
-2.6652449506e+04 -4.6595530801e+04 1.5732713848e+03 -2.2464910648e+02 -3.8465062582e+02 1.3062819836e+01
-1.5058903382e+05 8.5453205061e+04 1.7564828815e+04 -3.7758363145e+02 2.1564809913e+02 4.4412104708e+01
2.5038045495e+04 1.3083396579e+05 -1.0561288542e+04 8.4989359047e+01 4.3561032884e+02 -3.5399514637e+01
4.9674996652e+04 -1.0780827781e+05 -6.2187486972e+03 1.8293137450e+02 -4.0136690411e+02 -2.3243550995e+01
9.8071626437e+04 2.5504650966e+04 -8.6436964130e+03 4.2725218319e+02 1.0890753067e+02 -3.7493236996e+01
-7.9558488835e+04 -1.3014147229e+05 -4.9517343848e+03 -2.3371913445e+02 -3.7959765816e+02 -1.4398233198e+01
1.5446659827e+05 4.7179939717e+04 -3.1403896711e+04 4.2088520559e+02 1.2717203185e+02 -8.5741887296e+01
-9.8958357336e+03 -1.6240719496e+05 -2.2338682157e+04 -2.8463085574e+01 -4.4533013287e+02 -6.1444916267e+01
5.6549292835e+04 -7.1797104108e+04 -5.4005071329e+03 2.7088764200e+02 -3.4778145619e+02 -2.6097098725e+01
7.1787332392e+04 -5.2651549987e+04 -6.8327627536e+03 3.5439520757e+02 -2.6295541822e+02 -3.3851195079e+01
-1.3205229812e+05 -5.3538928665e+04 -4.5980677318e+03 -4.0322616764e+02 -1.6187430542e+02 -1.3777872212e+01
8.7101552046e+04 -4.3921784968e+04 4.1406514692e+03 3.9249591402e+02 -2.0042036174e+02 1.8720367035e+01
6.3475339308e+04 1.0044279296e+05 1.1030628222e+04 2.3741028454e+02 3.7225940502e+02 4.0958839855e+01
8.9976108512e+04 7.3720118853e+04 7.4629530197e+03 3.4267111885e+02 2.7834516778e+02 2.8404294148e+01
1.7214546990e+05 7.2058783099e+03 -1.2691928229e+04 4.4496712649e+02 1.7347396521e+01 -3.2808112888e+01
-9.9884971205e+04 3.8729619696e+04 2.2487217356e+02 -4.1348516287e+02 1.6248908610e+02 8.8965386190e-01
-2.7641956130e+04 6.2589409192e+04 -6.6575304882e+03 -1.7333890699e+02 4.0004414996e+02 -4.1896606899e+01
8.1151840685e+04 1.4115758787e+05 1.2864503276e+04 2.2372419327e+02 3.8647830245e+02 3.5382608487e+01
-1.4710523459e+05 -8.5014608305e+04 8.9972185935e+02 -3.8362461897e+02 -2.2021681962e+02 2.3119148649e+00
7.2561763480e+03 -1.4826718068e+05 4.0134421081e+03 2.0139731054e+01 -4.4057515454e+02 1.1698109123e+01
9.1947629818e+04 5.5136128170e+04 3.8040341981e+03 3.7419499611e+02 2.2203810724e+02 1.5683162588e+01
-3.5447157665e+04 -8.0803268218e+04 2.4516258999e+03 -1.8033449909e+02 -4.0499236589e+02 1.2473923480e+01
8.2070360201e+04 -1.0874086873e+05 -1.9948900637e+04 2.5770894371e+02 -3.4383779655e+02 -6.3451151319e+01
3.8723028456e+04 -1.2817808609e+05 7.7406794640e+03 1.2411780415e+02 -4.1639601743e+02 2.5338591497e+01
9.4915478196e+03 -1.1648752822e+05 1.3953259572e+04 3.3799106379e+01 -4.3781376437e+02 5.2448514641e+01
-3.4317438222e+04 8.8546845111e+04 3.4487258062e+03 -1.5694523778e+02 4.1130171670e+02 1.6028580727e+01
3.5071775420e+04 -8.6280252623e+04 -1.5843605997e+03 1.6465624496e+02 -4.1120446987e+02 -7.7314407096e+00
-1.4426636051e+04 -1.0020084244e+05 4.2049342019e+03 -6.4147550090e+01 -4.3067627186e+02 1.7808761335e+01
5.1873537698e+04 1.4390739266e+05 1.5258688343e+04 1.5061225607e+02 4.1360535406e+02 4.3920203836e+01
1.4609079207e+05 2.4405713453e+04 -5.7399794598e+03 4.3785862386e+02 7.1698846795e+01 -1.7392784268e+01
1.5633227847e+05 -1.8396166617e+04 1.8582184129e+04 4.3885514085e+02 -5.3025912645e+01 5.2075621464e+01
3.0023503224e+04 -1.1992625881e+05 1.4374063522e+04 1.0436556002e+02 -4.2385631926e+02 5.0489503468e+01
1.5850707530e+05 -1.0732421801e+05 -5.3282331545e+03 3.6394640236e+02 -2.4777731276e+02 -1.2353791548e+01
-3.0734522669e+04 1.9920301529e+04 4.6672875854e+02 -3.6393681567e+02 2.4296423638e+02 5.1689679540e+00
9.4596423680e+04 -1.0184006035e+04 -4.5971174317e+03 4.3812264569e+02 -4.9454300400e+01 -2.1474607776e+01
-4.4415265761e+04 -1.4627936501e+04 -1.3410195737e+03 -4.1806847268e+02 -1.3309521599e+02 -1.1602862615e+01
4.4416732246e+04 -1.5045930748e+05 9.7843436785e+03 1.2438361825e+02 -4.2625141283e+02 2.7735921154e+01
-9.8852084238e+04 -7.5457445315e+04 1.0125846586e+04 -3.5032456630e+02 -2.6521218309e+02 3.5874976445e+01
-1.0157107616e+05 -4.9524256571e+04 3.6900231518e+02 -3.9487278038e+02 -1.9039788987e+02 1.5833181007e+00
-9.3191217410e+04 -2.8294073502e+04 3.6699831638e+03 -4.2668270025e+02 -1.2723880618e+02 1.6926264611e+01
2.5626136331e+04 1.0906289432e+05 6.3121914381e+03 1.0235213397e+02 4.2718114195e+02 2.4943052989e+01
1.1242132010e+05 5.8637736493e+04 2.4104759242e+03 3.9377653863e+02 2.0348520147e+02 8.2724813919e+00
-1.1077506226e+05 2.9559710945e+04 6.1882202954e+03 -4.1993815724e+02 1.1396261410e+02 2.3181036232e+01
-6.4279468897e+03 4.6363400114e+04 -2.2518937173e+03 -5.5867285538e+01 4.3683365059e+02 -2.1357458548e+01
-1.2892439947e+05 -9.2305616807e+04 6.9909278451e+03 -3.5186554143e+02 -2.5029727469e+02 1.9328836635e+01
-7.0115332250e+03 7.0461353537e+03 -4.2708544247e+02 -2.9832452773e+02 3.3038899922e+02 -1.8020086000e+01
-1.5204378091e+05 -2.5836048529e+04 -1.5842265573e+02 -4.3419419889e+02 -7.2342844380e+01 -4.2997586042e-01
1.0443352173e+05 4.4026037667e+04 6.9864163570e+03 4.0997412304e+02 1.7077189576e+02 2.7516665582e+01
5.6612198681e+04 2.3714244009e+04 -6.9552287908e+02 4.0615539219e+02 1.6627532753e+02 -5.0593405026e+00
6.7546550418e+04 -6.4925489618e+04 -5.0520303428e+03 3.1552770938e+02 -3.0646399788e+02 -2.3981777625e+01
-1.4445745779e+05 -4.8381937347e+04 2.2326189776e+03 -4.1929764272e+02 -1.3893412765e+02 6.5716198668e+00
-5.2664707483e+04 9.1476279183e+04 3.6524614672e+03 -2.1923097131e+02 3.8490790144e+02 1.5280041349e+01
9.4326855351e+04 6.5861772862e+04 -3.4986099980e+03 3.6292946086e+02 2.5110620738e+02 -1.3352213737e+01
9.9735820920e+04 -9.9200254734e+04 -3.7145170667e+03 3.1104643764e+02 -3.1156548735e+02 -1.1629004273e+01
-5.9992715449e+04 6.6833590930e+04 5.8055469640e+03 -2.9165099575e+02 3.2854666344e+02 2.8403168559e+01
1.5520543159e+05 -7.1593736506e+04 9.5601631863e+03 4.0637339871e+02 -1.8886333084e+02 2.5095421313e+01
1.5405027255e+05 -7.5752193141e+03 7.1578554723e+02 4.3600751700e+02 -2.2818357428e+01 2.2616762355e+00
-3.0867046634e+04 -7.6739243810e+04 -1.7281849421e+03 -1.6623954639e+02 -4.0701950798e+02 -9.9392489604e+00
4.5544976520e+04 -1.4203644940e+05 3.7113637988e+03 1.3396312786e+02 -4.2252469866e+02 1.1120173145e+01
5.3650594235e+04 -1.0102084163e+05 -8.5741931929e+02 2.0415880954e+02 -3.8842778340e+02 -3.0884956589e+00
1.8807711672e+04 1.3967722301e+05 1.5545027752e+04 6.0382115976e+01 4.3685907934e+02 4.8631331443e+01
-8.7540312638e+03 9.5369210447e+04 -2.7250063850e+03 -3.7823682043e+01 4.3649219994e+02 -1.2765953338e+01
1.5551270411e+05 7.8447953744e+04 -1.1556253555e+04 4.0236310738e+02 2.0155967333e+02 -2.9881310777e+01
-8.6225744190e+04 7.1263625043e+04 -1.6420347954e+04 -3.3321964449e+02 2.7784542205e+02 -6.4070630600e+01
-1.5445680881e+05 -3.9909525592e+04 1.4473745901e+04 -4.2739215271e+02 -1.0902704717e+02 3.9939630826e+01
1.1662245859e+05 -7.1044873449e+04 6.5827707039e+03 3.7728769909e+02 -2.3169760873e+02 2.1321162135e+01
3.8260989791e+04 6.0842009457e+04 -4.0595651172e+03 2.3441863968e+02 3.6711422196e+02 -2.4936285750e+01
1.3631496897e+05 5.0684601822e+03 -4.9078578734e+03 4.4176596345e+02 1.4897803876e+01 -1.6190925882e+01
-9.3415749723e+04 -3.2051432187e+04 -4.7904173114e+03 -4.1746518991e+02 -1.4090295506e+02 -2.1349902805e+01
-7.7843189178e+03 -1.2270641540e+05 -6.1082791734e+03 -2.9796135583e+01 -4.4192652989e+02 -2.2116566448e+01
-8.9522347938e+04 -5.7161169888e+04 7.5912783407e+03 -3.6839677118e+02 -2.3282741767e+02 3.1429649225e+01
-2.8315297878e+03 -5.4462842365e+04 -5.5769784776e+02 -2.6954695219e+01 -4.4179543602e+02 -4.4960884168e+00
-6.0517977990e+04 -5.2611344607e+04 5.6746743497e+03 -3.3393418622e+02 -2.8677871155e+02 3.1521438565e+01
-1.1492273989e+05 -1.5863042252e+04 -3.2330027809e+03 -4.3621471486e+02 -5.8370671450e+01 -1.2004436368e+01
1.2427440677e+04 9.2265505782e+04 2.5086519988e+03 6.0743445321e+01 4.3341136909e+02 1.1679132995e+01
1.1055914409e+04 -8.5126605395e+04 1.0350512051e+03 5.3902159126e+01 -4.3431404538e+02 5.6355139725e+00