1.2996951504e+04 2.1928453824e+04 3.8992560658e+02 2.2783970619e+02 3.6811103145e+02 6.7332708229e+00
-6.7803893476e+04 -1.2727026819e+05 1.1408816341e+04 -2.0289752699e+02 -3.7769679688e+02 3.3903850555e+01
4.1587933372e+04 -9.9565274635e+04 -7.4740195049e+03 1.6118298288e+02 -3.9062129731e+02 -2.8819390487e+01
4.1401585457e+04 9.1737306954e+04 5.6426666376e+03 1.7792561768e+02 3.8908592774e+02 2.4074916353e+01
1.0832092455e+05 2.8337152000e+03 -2.6347740494e+03 4.2941313113e+02 9.2709754328e+00 -1.0361220441e+01
3.6929390107e+04 -4.6761045855e+04 -3.8331088900e+03 2.6569781493e+02 -3.4195763616e+02 -2.8483326074e+01
-6.5679010603e+04 -5.6291015497e+04 -6.3925389085e+03 -3.2683618036e+02 -2.7695416708e+02 -3.1355069914e+01
-2.4193971887e+04 1.1614824830e+05 1.1778146851e+04 -8.6286058394e+01 4.2299251978e+02 4.2937621626e+01
5.7585180367e+04 1.1286035823e+05 1.2747260954e+04 1.9686504828e+02 3.8231303858e+02 4.3617749792e+01
1.2001231885e+05 3.5610731572e+04 3.9380447083e+03 4.1583802633e+02 1.2163693717e+02 1.3735471408e+01
1.2041784224e+05 -4.8718039297e+04 5.8683437784e+03 4.0060908412e+02 -1.6382684430e+02 1.9656286278e+01
-1.3719242783e+05 -6.5448473248e+04 1.2860487236e+04 -3.9198974210e+02 -1.8544769500e+02 3.6807450089e+01
-8.4295586627e+04 -8.7116064651e+04 -1.4907563763e+03 -3.0184905347e+02 -3.0942991311e+02 -5.3356095565e+00
8.2465937513e+04 9.9978078259e+04 6.5492215936e+03 2.7609086997e+02 3.3214733519e+02 2.1830635464e+01
9.6293829560e+04 4.3779869409e+04 -6.1338341748e+03 3.9111388614e+02 1.7563319025e+02 -2.5079121786e+01
-8.6544039234e+04 2.4446020153e+04 3.0025782444e+03 -4.1626774127e+02 1.2001379757e+02 1.4622257189e+01
4.5692899627e+04 1.0724958970e+05 1.1236596912e+04 1.6963665831e+02 3.9358713578e+02 4.1552603413e+01
4.1959738302e+04 -9.0245630594e+04 -2.9683363383e+03 1.7837438873e+02 -3.8858055977e+02 -1.3085378478e+01
-2.5595819703e+04 -1.2454630384e+05 1.2509626067e+04 -8.7837690663e+01 -4.1905104759e+02 4.2160905117e+01
8.2336427090e+04 -1.1844767967e+05 1.0330643842e+04 2.4358638880e+02 -3.5300854540e+02 3.0635126499e+01
-4.5715391127e+04 -5.3460199130e+04 1.3168181826e+03 -2.7907227087e+02 -3.2172473288e+02 7.6515248875e+00
3.9457525442e+04 1.1148293828e+05 7.2025335139e+03 1.4530987316e+02 4.0516278208e+02 2.6228392790e+01
-8.7608034583e+04 3.1312620018e+04 5.6180772316e+03 -4.0506841238e+02 1.4720642045e+02 2.6072354992e+01
1.2648006331e+05 -4.6890468825e+03 1.3532031746e+04 4.2941734386e+02 -1.7571078160e+01 4.6176266952e+01
2.2345733288e+04 -2.0706898296e+04 -6.2082866280e+02 3.1376303000e+02 -3.0018968943e+02 -8.7368295209e+00
2.3794784755e+04 1.6461875108e+05 -2.3858792994e+04 6.3120553004e+01 4.2809371746e+02 -6.2366154675e+01
8.5332143659e+04 -8.5041930771e+04 7.9728891546e+03 3.0596036836e+02 -3.0734704566e+02 2.8934250365e+01
-9.6670907659e+04 4.2323941447e+04 3.5751582711e+03 -3.9534134888e+02 1.7526330527e+02 1.4538532112e+01
-8.2137166703e+04 -2.3953876406e+04 9.2965880047e+03 -4.1349592162e+02 -1.1799210414e+02 4.6756301527e+01
-1.2139517326e+05 7.1825912736e+04 1.9056036399e+03 -3.6933237416e+02 2.2027525107e+02 5.7075498694e+00
8.2204142185e+04 -1.2757450588e+05 -4.3632466742e+03 2.3317759275e+02 -3.6422028304e+02 -1.2808028330e+01
-1.4767145762e+05 -3.1377540697e+04 -1.0502743844e+04 -4.1836685717e+02 -8.7472640458e+01 -2.9541428313e+01
-4.8464712188e+04 5.8133996317e+04 3.6106714180e+03 -2.7244543611e+02 3.3119963816e+02 2.0594902780e+01
-6.0612933180e+04 4.0910082024e+04 -5.8921601371e+02 -3.5837267677e+02 2.4532121254e+02 -3.7773049876e+00
-1.1576181356e+04 1.3114503196e+05 1.4628554065e+04 -3.5951921362e+01 4.2535768962e+02 4.7669163067e+01
-7.2458317948e+04 3.7313845958e+04 -2.9969780153e+02 -3.8432114051e+02 2.0082049322e+02 -1.4739629173e+00
2.8476674137e+04 -1.0210710639e+05 6.1096533704e+03 1.1475582314e+02 -4.1876207363e+02 2.5270875491e+01
-3.0009425803e+04 -9.7678630038e+04 -1.6133124286e+02 -1.2793867774e+02 -4.0936693005e+02 -5.2380746142e-01
8.7020640189e+04 -1.3798396535e+05 1.7211523687e+03 2.3046880245e+02 -3.6788746654e+02 4.6986689015e+00
9.2196410942e+04 -4.3089964970e+03 1.6977336804e+03 4.2751708427e+02 -2.2301796777e+01 7.8723589967e+00
-1.5988941204e+04 -4.6892930915e+04 -3.3536237211e+03 -1.4253903472e+02 -4.0568629334e+02 -3.0148809932e+01
1.4336465712e+05 -5.1974252337e+04 -1.3100991957e+04 4.0843200737e+02 -1.4955128895e+02 -3.7428049533e+01
-1.2500892290e+05 1.0237578876e+05 1.2279644963e+02 -3.3676173263e+02 2.7748273983e+02 3.6638497355e-01
-1.3679675314e+05 1.9588679104e+02 2.9334621881e+03 -4.2437677205e+02 2.1299982660e+00 9.3564736709e+00
-5.7229701805e+04 -7.3092083974e+04 2.8215005534e+03 -2.6681456814e+02 -3.3710261229e+02 1.2834921866e+01
3.7834473347e+04 6.1024086569e+04 -3.3754355097e+03 2.3110826484e+02 3.6716977799e+02 -2.0393748084e+01
-1.2368308159e+05 -1.5783140196e+04 1.3028212140e+04 -4.1974930878e+02 -5.2045172280e+01 4.4764475877e+01
-1.1358149463e+05 4.4928270796e+04 -1.1370045125e+04 -4.0035694917e+02 1.6022326040e+02 -4.0050367645e+01
-8.8659854875e+04 5.4650174230e+04 3.5818243731e+03 -3.6638984398e+02 2.2817642109e+02 1.5138499490e+01
4.3804312687e+02 -7.7312023642e+04 2.7362665415e+03 -3.0898360953e-01 -4.3094997000e+02 1.5282735104e+01
-1.0615425200e+04 7.5395205774e+04 4.9558036418e+03 -5.7342068454e+01 4.2728346891e+02 2.8107328459e+01
-7.4671913577e+03 8.6615202799e+04 -8.7787319513e+03 -3.4565817223e+01 4.2925536389e+02 -4.3364986474e+01
1.3634845136e+05 -4.1066419770e+04 1.0042471665e+04 4.1162822786e+02 -1.2552439432e+02 3.0504789684e+01
-3.3863981592e+04 -1.3048446704e+05 6.2428198673e+03 -1.0845903034e+02 -4.1167250590e+02 1.9560336646e+01
7.4012590632e+03 -1.4630502485e+05 -1.2144810437e+04 2.0207658265e+01 -4.2776144901e+02 -3.5321097286e+01
-9.3569346064e+04 5.8825638679e+04 -1.4876408872e+04 -3.5799091896e+02 2.2729010757e+02 -5.6809216160e+01
7.2075271201e+04 -1.7185634013e+05 1.1982089476e+04 1.6689907910e+02 -4.0090267114e+02 2.7986128364e+01
-6.8866172197e+03 -1.3981239769e+04 -9.1650472388e+02 -2.0199190730e+02 -3.7911998731e+02 -2.5604307358e+01
-7.8520001248e+04 -1.9265575957e+04 -5.3527109043e+03 -4.1871394926e+02 -1.0002786857e+02 -2.8596022051e+01
7.9472258215e+03 -2.4733488752e+04 -1.8053892146e+03 1.2161971256e+02 -4.0446378252e+02 -2.7924767952e+01
-1.3898835393e+05 -4.5056465416e+04 4.8689407206e+03 -4.1332327484e+02 -1.3247708619e+02 1.4573790885e+01
-6.3851871115e+03 1.1178297362e+05 -8.3614399495e+03 -2.2599021997e+01 4.2886986870e+02 -3.2201670497e+01
6.7364614793e+04 7.1795625806e+04 4.0044182505e+03 2.9473380959e+02 3.1096478086e+02 1.7576170692e+01
7.4485143546e+04 3.3798964328e+04 4.4481943678e+03 3.9202737538e+02 1.7502450846e+02 2.3412419800e+01
2.3485455503e+04 -9.5403616357e+04 8.1329771108e+03 1.0129013259e+02 -4.2046753498e+02 3.5933681058e+01
-2.8567982433e+04 -1.0981299215e+05 -3.3767080383e+03 -1.1017112944e+02 -4.1611569852e+02 -1.2661018937e+01
9.8698236675e+04 1.6258813148e+04 -4.3898064465e+03 4.1933775409e+02 6.7000990606e+01 -1.9039336202e+01
-2.5026268494e+04 -2.8187916665e+03 -3.3030726847e+02 -4.2716566832e+02 -3.9608543182e+01 -5.2016773152e+00
-9.7338980093e+04 1.1523851314e+05 -1.6942842846e+04 -2.7658526549e+02 3.2958728769e+02 -4.8160654968e+01
-1.4824773433e+01 3.5793200426e+02 1.4353159380e+01 2.7210634871e+02 1.9089027740e+02 2.5586160480e+01
-1.6140224793e+04 1.4267962315e+05 -1.6353332687e+03 -4.6903077618e+01 4.2784539958e+02 -4.8935356751e+00
-7.0567191503e+04 -6.8703332544e+04 6.9772049317e+03 -3.1209085300e+02 -3.0085101751e+02 3.0759743363e+01
-4.3761958790e+04 -1.3764514578e+04 9.3418706325e+02 -4.1237682327e+02 -1.2484744017e+02 8.7747816661e+00
-4.7161703825e+04 6.1692900826e+04 6.7227738910e+03 -2.6058934792e+02 3.4536992125e+02 3.7439212671e+01
-1.4470269980e+04 1.3989340549e+05 -4.4605331062e+03 -4.2616070080e+01 4.2671926986e+02 -1.3534199826e+01
5.7893890154e+04 -6.9172024046e+04 -4.0247753991e+03 2.7707354368e+02 -3.3469316714e+02 -1.9415513685e+01
-4.4016209670e+04 -9.1034395086e+04 -3.2418069485e+02 -1.9089502990e+02 -3.9003436515e+02 -1.2751610905e+00
-1.2061483625e+05 -4.4353151155e+04 -1.1230327577e+03 -4.0281975934e+02 -1.4635591845e+02 -3.7016185696e+00
4.9514173680e+04 -5.4626511325e+04 -2.1293589812e+02 2.8734710527e+02 -3.2127389009e+02 -1.0380710597e+00
7.7307712378e+03 -1.6164874910e+05 8.6819267889e+02 1.9565701092e+01 -4.3665702550e+02 2.2605649106e+00
-2.6986308390e+04 -1.4168816669e+05 -1.5508236478e+04 -8.1661819559e+01 -4.2090409650e+02 -4.5984920460e+01
5.0982260755e+04 4.0126408675e+04 -3.8666084399e+03 3.3786791750e+02 2.6213328054e+02 -2.6401591008e+01
-1.3629879736e+05 -1.7260261023e+04 -2.4934391832e+03 -4.2664342590e+02 -5.2468780338e+01 -7.7258767759e+00
-9.3090535821e+04 4.0465566496e+04 -9.2089198920e+03 -3.9443320395e+02 1.7373949824e+02 -3.9133218681e+01
1.1554791811e+05 -5.6079877880e+04 2.9668601299e+03 3.8439213419e+02 -1.8837049974e+02 9.6886988915e+00
1.8719027032e+04 -7.8605006770e+04 -2.8811361536e+03 9.7103233001e+01 -4.1895472337e+02 -1.5069595368e+01
1.3057380631e+05 -9.8973771801e+04 5.1086519174e+02 3.4664515207e+02 -2.6438265988e+02 1.4638494682e+00
9.1783190016e+04 -3.1444424560e+04 3.6971802929e+03 4.0308849497e+02 -1.4027202300e+02 1.6768422918e+01
-3.0409301348e+04 1.4555011047e+05 1.7177148255e+04 -8.6766957972e+01 4.2227195145e+02 4.9893838937e+01
-1.0124648258e+05 -7.2066853546e+04 9.0672635192e+00 -3.5154989357e+02 -2.4814132775e+02 -7.6558895869e-02
-4.9282976291e+04 -2.1706046748e+04 -2.5887222148e+03 -3.9272130246e+02 -1.6867301263e+02 -2.0199928855e+01
-6.4134701942e+04 -1.0616832138e+05 1.8314315960e+03 -2.2541986020e+02 -3.6999944429e+02 6.6872587041e+00
7.1011178288e+04 4.4589054992e+04 -2.2176278068e+03 3.6364621735e+02 2.2533295033e+02 -1.1196994826e+01
-5.2900801887e+04 9.4734745522e+04 2.4460464818e+03 -2.0795000389e+02 3.7640632200e+02 9.5817413294e+00
7.3346695822e+04 5.2795987902e+04 -3.1188170741e+02 3.4591240322e+02 2.4613098999e+02 -1.7872242687e+00
3.2668916788e+04 9.4444807530e+03 -4.0669175702e+02 4.1771043294e+02 1.1428361108e+02 -5.1644392273e+00
5.0321596652e+04 4.0202581112e+04 -5.1546824935e+02 3.3472728574e+02 2.6324607197e+02 -3.8362441422e+00
6.7079417627e+04 7.7495863315e+04 4.3963320158e+03 2.7989050851e+02 3.2022618193e+02 1.7977213707e+01
-8.7085323554e+03 -7.6591720490e+04 2.8966903604e+03 -5.1292681063e+01 -4.2670806709e+02 1.6293503310e+01
2.9937356491e+04 6.0995004308e+04 2.2755593282e+03 1.9030153730e+02 3.8070495552e+02 1.4663995553e+01