1.2323096013e+04 -1.1756452067e+04 2.3083396833e+02 3.0315731831e+02 -3.0615285553e+02 5.7822682996e+00
-1.2618829769e+05 -6.1380655638e+04 1.1327151496e+04 -3.8515116758e+02 -1.8568247901e+02 3.4581818702e+01
-7.9471394365e+04 -6.5978193997e+04 2.3372064640e+04 -3.2698755792e+02 -2.6885441351e+02 9.6106425215e+01
9.4009328805e+04 1.6460543194e+04 -5.6029363603e+03 4.2431055846e+02 7.2075762592e+01 -2.5367293947e+01
6.9775988573e+04 -7.6590958244e+04 -4.2911790700e+03 2.8457925835e+02 -3.1540360744e+02 -1.7551429790e+01
-4.1247931696e+04 -3.2186680241e+04 5.1547892055e+03 -3.3650681407e+02 -2.5755300850e+02 4.2313058972e+01
-6.7403596451e+04 4.3952798056e+04 1.0292252557e+04 -3.5225683871e+02 2.3280802224e+02 5.4310058360e+01
7.4709055798e+04 8.4834651464e+04 9.7806152143e+03 2.8188665798e+02 3.1727441231e+02 3.6866046552e+01
1.1454226517e+05 4.2291651872e+04 2.8120730760e+03 4.0054005435e+02 1.4615602006e+02 1.0178651748e+01
1.0205662185e+05 -6.3095238768e+04 1.1128201417e+03 3.6285350355e+02 -2.2637871019e+02 4.0765497520e+00
4.8932475200e+04 -1.1512162124e+05 2.7986865404e+03 1.6615133930e+02 -3.9515528571e+02 9.7123227532e+00
-1.4853388222e+05 7.3705331310e+03 -1.4140249304e+04 -4.3043582231e+02 2.2782365816e+01 -4.1001075053e+01
-1.1463300741e+05 1.5924882824e+04 -9.9266845295e+02 -4.2126478600e+02 6.0368565780e+01 -3.6757666992e+00
1.2442651652e+05 7.1241639285e+03 6.3632951310e+03 4.2664675651e+02 2.2736153157e+01 2.1863431356e+01
7.8581646263e+04 -6.2282346171e+04 -8.4057173137e+03 3.3228135286e+02 -2.6604048983e+02 -3.5615869693e+01
-6.8182036978e+03 8.3365675873e+04 4.0400286912e+03 -3.2217018669e+01 4.2484451004e+02 2.0529804550e+01
1.0632222726e+05 3.2344086491e+04 5.2512982725e+03 4.0389996000e+02 1.2092332572e+02 2.0201620551e+01
-5.0869850032e+04 -7.9397270195e+04 2.7416508887e+03 -2.2872720733e+02 -3.5291126591e+02 1.1924354861e+01
-9.5461718649e+04 -7.7517742473e+04 2.6215010668e+03 -3.3452036138e+02 -2.6947950679e+02 8.9894431723e+00
-1.0866803943e+03 -1.3965939100e+05 -1.4599458480e+03 -4.7891603640e+00 -4.2231385939e+02 -4.2599528407e+00
-5.5137243073e+04 3.1627714097e+04 5.6656425921e+03 -3.6907743516e+02 2.1552522029e+02 3.8045967443e+01
1.0470698588e+05 4.3414826766e+04 6.6619525398e+03 3.9378924647e+02 1.6126069544e+02 2.5077426332e+01
-1.6530563796e+04 8.5806158820e+04 6.9224073763e+02 -7.8358691327e+01 4.1941792313e+02 3.2245589494e+00
8.8630986224e+04 -8.3681976808e+04 6.7423802224e+03 3.0847928219e+02 -2.9355510323e+02 2.3834989656e+01
-2.0669530621e+04 -5.4793544522e+03 1.7192512320e+02 -4.1264647856e+02 -9.9149083098e+01 3.7336376705e+00
7.6612814125e+04 1.4278444566e+05 -1.2929720380e+04 2.0191246809e+02 3.7365693149e+02 -3.3654716009e+01
-1.7737239302e+03 -1.1542396181e+05 2.2478329368e+03 -8.3567486168e+00 -4.2832225489e+02 8.5831014640e+00
-1.4516486273e+04 9.8945387168e+04 5.6900292701e+03 -5.9556043622e+01 4.2049902078e+02 2.4097498720e+01
-4.9456708433e+04 6.1750452816e+04 -3.5975490277e+02 -2.6136308274e+02 3.3055473919e+02 -2.2381398706e+00
-5.7746516397e+04 1.2509600194e+05 5.7145313316e+03 -1.7914919235e+02 3.9170184353e+02 1.7806909904e+01
3.2453773173e+04 -1.4209111003e+05 -5.8177215652e+03 9.1241056472e+01 -4.0558684578e+02 -1.6955421896e+01
-1.4420878989e+05 2.9048237993e+04 -5.4691038056e+03 -4.1436043581e+02 8.4886098584e+01 -1.5982330977e+01
3.2490468822e+04 6.1606527249e+04 -3.6638739646e+03 2.0227071647e+02 3.7707043724e+02 -2.2636382972e+01
1.6570038607e+04 6.4966341164e+04 -5.2996088733e+03 1.0851959100e+02 4.1275215138e+02 -3.3806210552e+01
6.5329266772e+04 1.0952199452e+05 6.0751477933e+03 2.1893116711e+02 3.6392751794e+02 2.0527768134e+01
1.4031398747e+04 7.3696227505e+04 -5.0090612813e+02 8.3308440499e+01 4.2273588059e+02 -3.0155513564e+00
-5.4933538971e+04 -8.4529843299e+04 1.4485495879e+03 -2.3471285837e+02 -3.5741528591e+02 6.3926808432e+00
-9.4442482839e+04 -2.1313390498e+04 6.2405842119e+03 -4.1621951054e+02 -9.1697582848e+01 2.7533521595e+01
1.7267063732e+04 -1.5919457487e+05 -9.1644269232e+03 4.5322357784e+01 -4.3004478419e+02 -2.4854051714e+01
4.9401747387e+04 -7.1632856316e+04 -4.6102156628e+01 2.3938342475e+02 -3.5138776979e+02 -2.7514805948e-01
-4.0895399922e+04 1.1942134835e+04 4.9796534915e+03 -4.0305804656e+02 1.2265308004e+02 5.0281546838e+01
9.6736076675e+04 -1.1263408045e+05 1.0384756524e+04 2.7926607504e+02 -3.2732801451e+02 3.0050856774e+01
-5.6993408271e+04 1.4605843693e+05 3.2215728346e+03 -1.5392453774e+02 3.9819568020e+02 8.7638784031e+00
-1.0888473841e+05 7.7346902571e+04 -6.6854876697e+03 -3.4564085657e+02 2.4741702002e+02 -2.1067652503e+01
-8.3556863299e+04 2.4106013988e+04 -5.0903973287e+02 -4.1258957986e+02 1.2148711675e+02 -2.2422699592e+00
6.2274959383e+04 -1.9758594247e+04 8.9256814187e+02 4.0310228572e+02 -1.3128879883e+02 5.9735062685e+00
-9.3574795071e+04 7.5049030830e+04 -2.1106552577e+03 -3.2568754313e+02 2.6320201458e+02 -6.8651847031e+00
-1.9268831880e+04 1.1494463017e+05 -1.3651331427e+04 -6.8363370227e+01 4.1880321717e+02 -4.9680458476e+01
-1.4439043640e+04 9.7969925467e+04 -1.9687044564e+03 -5.9935791927e+01 4.2095806421e+02 -8.1924479483e+00
-6.9433165884e+04 -1.0151454794e+04 1.3986154663e+03 -4.2668443827e+02 -5.9381587754e+01 8.7100506956e+00
6.4940132996e+04 2.4459708507e+04 -4.2364289510e+03 4.0021406157e+02 1.4749416671e+02 -2.6022988826e+01
6.6023206498e+04 4.6960157714e+04 4.8978162553e+03 3.4747954937e+02 2.4402196787e+02 2.6040817341e+01
8.3502473880e+04 -1.1076416005e+05 3.8545989787e+03 2.5754600117e+02 -3.4408773808e+02 1.2128260873e+01
-1.1216656943e+05 -6.6628623407e+04 1.1014562710e+04 -3.6461358126e+02 -2.1470746267e+02 3.5634393835e+01
-5.6020038881e+04 -1.3080209237e+05 -3.5522110380e+03 -1.6773792950e+02 -3.8801336735e+02 -1.0822778815e+01
-2.6083152172e+04 1.0270610010e+05 1.3635034703e+04 -1.0256548419e+02 4.1151218438e+02 5.5034218478e+01
4.1938209370e+04 -1.8033392530e+05 7.6685780252e+02 9.7237439702e+01 -4.2310759658e+02 1.7067512932e+00
-5.5157431941e+03 4.6155869248e+03 -2.9284258439e+02 -3.0684671801e+02 2.9500432883e+02 -1.6218903790e+01
-5.3812978848e+04 5.2839979460e+04 -1.6338387389e+03 -3.0247626928e+02 3.0089965789e+02 -9.0631495764e+00
-1.6716395250e+04 1.0882839684e+03 1.7212842567e+03 -4.2252936268e+02 3.9756706060e+01 4.1991791917e+01
-1.3496171559e+05 4.2729127276e+04 -8.5964987702e+03 -4.0731643271e+02 1.3051485028e+02 -2.6031429653e+01
7.3827409508e+04 7.7551045387e+04 -5.0798274917e+03 2.9395550672e+02 3.0594090169e+02 -2.0308462513e+01
8.9454939630e+04 -2.5283963518e+04 -4.6244474615e+03 4.1323293433e+02 -1.1912140059e+02 -2.1550180968e+01
5.7165692814e+04 -5.0022614729e+04 -4.0765868977e+03 3.2142617500e+02 -2.8492898937e+02 -2.3102728815e+01
-6.3991174528e+04 -6.7069368467e+04 3.2629900208e+03 -2.9768074528e+02 -3.0875895506e+02 1.4925677577e+01
-1.0191045534e+05 -3.7755230721e+04 7.9430168457e+03 -4.0409572632e+02 -1.4766773409e+02 3.1591994062e+01
5.0477113888e+04 -7.9938961386e+04 7.3948792199e+03 2.2575527612e+02 -3.6151602617e+02 3.3767315782e+01
4.0031338755e+03 1.5239191664e+04 3.6056298784e+02 1.2189347433e+02 4.1181349625e+02 9.3061644566e+00
-4.1961691542e+04 1.4063992661e+05 -7.0235232669e+02 -1.2025872384e+02 4.0783071591e+02 -2.3301642207e+00
2.2943799451e+01 3.3389123891e+02 1.3980230417e+01 2.8343468207e+02 6.0127555826e+01 2.6646464363e+01
6.9685609605e+04 1.2138607526e+05 -1.8872128189e+03 2.1541287047e+02 3.7222504459e+02 -5.8044649337e+00
-8.9256510724e+04 2.4637727821e+04 3.1594911111e+02 -4.1240462697e+02 1.1616729595e+02 1.2810802450e+00
-2.2969164439e+04 3.2478029488e+04 -7.2758473337e+02 -2.4340520852e+02 3.5330521873e+02 -7.8252867925e+00
4.5180112062e+04 5.4715895013e+04 -1.9923788682e+03 2.7105994467e+02 3.2362630612e+02 -1.2157983029e+01
7.2158922611e+04 1.1616738075e+05 -6.7166815639e+03 2.2696401141e+02 3.6247367531e+02 -2.0986550713e+01
-3.7087645851e+04 -7.5285353851e+04 1.4569195795e+02 -1.9107421628e+02 -3.8221012085e+02 8.7188969570e-01
-9.5355703028e+04 -5.0482182421e+03 4.5488021387e+03 -4.3012068420e+02 -2.0581131351e+01 2.0579074852e+01
-1.1478936034e+05 4.6886976120e+04 -2.3960312661e+03 -3.9302836196e+02 1.6237821099e+02 -8.1910121409e+00
-3.3977648600e+04 -5.8186228136e+04 -8.4312192186e+02 -2.1876078121e+02 -3.6849746674e+02 -5.5971876592e+00
-6.6028755836e+04 -1.4310163677e+05 -8.6751792969e+03 -1.8102757453e+02 -3.8909688272e+02 -2.3613036072e+01
-8.5842118955e+04 -1.1021312008e+05 2.6699999474e+03 -2.6056294644e+02 -3.3213738687e+02 7.8390708956e+00
3.9883024364e+04 -4.1937816934e+04 6.8459769400e+03 2.8718643532e+02 -3.0692121366e+02 5.0668465595e+01
-1.1446702657e+05 6.8787955854e+04 -5.0807617747e+03 -3.6676002628e+02 2.2223015049e+02 -1.6278530104e+01
-2.7907576613e+04 9.2516773966e+04 -5.1934051847e+01 -1.2220552580e+02 4.1249010099e+02 -4.2377977938e-03
3.4414985222e+04 -1.1893319262e+05 8.8068007333e+03 1.1637380746e+02 -4.0824624686e+02 3.0058308427e+01
-6.1132595779e+04 -4.3196465248e+04 8.5917067208e+02 -3.5257731091e+02 -2.4578501903e+02 4.6134487801e+00
6.9559880753e+04 -1.4445222970e+05 -7.5606089366e+03 1.8665423542e+02 -3.9063696275e+02 -2.0516407231e+01
-1.6983730390e+02 -9.1132914290e+04 -7.5154008329e+03 -2.9571016019e+00 -4.2683081018e+02 -3.5744290147e+01
6.4834308932e+04 1.2835331899e+05 -1.4501578533e+04 1.9244626394e+02 3.7773595977e+02 -4.2680957254e+01
-1.1819035702e+05 1.9291301207e+04 3.0444954386e+03 -4.2106931946e+02 7.0504026691e+01 1.0771494898e+01
-1.8285738189e+04 4.2775107457e+04 -4.5487295703e+03 -1.6304210484e+02 3.9296618217e+02 -4.1641970667e+01
-1.1759417160e+05 -1.3142398304e+04 -1.3231983967e+04 -4.1969152851e+02 -4.5127329068e+01 -4.7416992971e+01
7.1861526281e+04 -3.1642075029e+04 1.2933433297e+03 3.9267295405e+02 -1.7579876795e+02 6.9565622447e+00
5.1475589172e+04 8.9198571174e+04 -5.5056972961e+03 2.1514715410e+02 3.6873100616e+02 -2.2923729495e+01
7.2680162007e+04 -4.2695904384e+04 2.6961151188e+03 3.6367775149e+02 -2.1649104624e+02 1.3886998474e+01
1.2241979480e+03 -2.5451809796e+04 -4.1541842263e+01 1.2516235283e+01 -4.3059461566e+02 -5.8289905968e-01
5.1836162244e+04 -2.7078198329e+04 1.8707795742e+03 3.7516781895e+02 -1.9996274527e+02 1.4079562437e+01
9.7776356839e+04 -6.6140688565e+03 -1.1323899532e+04 4.2490153824e+02 -3.0879776361e+01 -4.9449593607e+01
-6.9392197816e+04 -1.3535765686e+04 -3.1530942177e+03 -4.1974681312e+02 -7.8846501985e+01 -1.9176548065e+01
5.5087161680e+04 -2.5447225881e+04 -4.1539950283e+03 3.8369553267e+02 -1.8105122753e+02 -2.8757926980e+01