0.0000000000e+00 0.0000000000e+00
8.4296835573e-02 8.4365719087e-02
1.5971479907e-01 1.5984531046e-01
2.2709086856e-01 2.2727643614e-01
2.8718312330e-01 2.8741779489e-01
3.4067818127e-01 3.4095656576e-01
3.8819793553e-01 3.8851515003e-01
4.3030565561e-01 4.3065727751e-01
4.6751151374e-01 4.6789353732e-01
5.0027759010e-01 5.0068638727e-01
5.2902240631e-01 5.2945469098e-01
5.5412503153e-01 5.5457782737e-01
5.7592880149e-01 5.7639941273e-01
5.9474468692e-01 5.9523067193e-01
6.1085434452e-01 6.1135349183e-01
6.2451288028e-01 6.2502318687e-01
6.3595135228e-01 6.3647100395e-01
6.4537903762e-01 6.4590639121e-01
6.5298548565e-01 6.5351905287e-01
6.5894237759e-01 6.5948081046e-01
6.6340521092e-01 6.6394728853e-01
6.6651482497e-01 6.6705944149e-01
6.6839878265e-01 6.6894493650e-01
6.6917262200e-01 6.6971940601e-01
6.6894098973e-01 6.6948758225e-01
6.6779866789e-01 6.6834432472e-01
6.6583150377e-01 6.6637555087e-01
6.6311725217e-01 6.6365907903e-01
6.5972633824e-01 6.6026539191e-01
6.5572254840e-01 6.5625832804e-01
6.5116365617e-01 6.5169570817e-01
6.4610198898e-01 6.4662990248e-01
6.4058494153e-01 6.4110834441e-01
6.3465544084e-01 6.3517399603e-01
6.2835236731e-01 6.2886576955e-01
6.2171093627e-01 6.2221890906e-01
6.1476304341e-01 6.1526533631e-01
6.0753757774e-01 6.0803396393e-01
6.0006070501e-01 6.0055097904e-01
5.9235612442e-01 5.9284010022e-01
5.8444530115e-01 5.8492281017e-01
5.7634767692e-01 5.7681856651e-01
5.6808086075e-01 5.6854499266e-01
5.5966080174e-01 5.6011805074e-01
5.5110194552e-01 5.5155219818e-01
5.4241737598e-01 5.4286052958e-01
5.3361894364e-01 5.3405490513e-01
5.2471738193e-01 5.2514606704e-01
5.1572241247e-01 5.1614374485e-01
5.0664284045e-01 5.0705675098e-01
4.9748664104e-01 4.9789306710e-01
4.8826103762e-01 4.8865992250e-01
4.7897257265e-01 4.7936386497e-01
4.6962717185e-01 4.7001082508e-01
4.6023020234e-01 4.6060617435e-01
4.5078652532e-01 4.5115477794e-01
4.4130054373e-01 4.4166104238e-01
4.3177624546e-01 4.3212895884e-01
4.2221724248e-01 4.2256214223e-01
4.1262680628e-01 4.1296386670e-01
4.0300789994e-01 4.0333709778e-01
3.9336320725e-01 3.9368452143e-01
3.8369515898e-01 3.8400857041e-01
3.7400595677e-01 3.7431144818e-01
3.6429759474e-01 3.6459515046e-01
3.5457187900e-01 3.5486148485e-01
3.4483044542e-01 3.4511208856e-01
3.3507477567e-01 3.3534844446e-01
3.2530621174e-01 3.2557189564e-01
3.1552596910e-01 3.1578365858e-01
3.0573514868e-01 3.0598483509e-01
2.9593474760e-01 2.9617642310e-01
2.8612566898e-01 2.8635932650e-01
2.7630873084e-01 2.7653436394e-01
2.6648467406e-01 2.6670227692e-01
2.5665416968e-01 2.5686373705e-01
2.4681782550e-01 2.4701935259e-01
2.3697619201e-01 2.3716967451e-01
2.2712976781e-01 2.2731520181e-01
2.1727900452e-01 2.1745638646e-01
2.0742431115e-01 2.0759363782e-01
1.9756605819e-01 1.9772732668e-01
1.8770458118e-01 1.8785778886e-01
1.7784018403e-01 1.7798532852e-01
1.6797314203e-01 1.6811022116e-01
1.5810370449e-01 1.5823271631e-01
1.4823209724e-01 1.4835303996e-01
1.3835852479e-01 1.3847139682e-01
1.2848317240e-01 1.2858797228e-01
1.1860620787e-01 1.1870293428e-01
1.0872778315e-01 1.0881643491e-01
9.8848035908e-02 9.8928611923e-02
8.8967090800e-02 8.9039590096e-02
7.9085060747e-02 7.9149482437e-02
6.9202048023e-02 6.9258391304e-02
5.9318145261e-02 5.9366409406e-02
4.9433436362e-02 4.9473620712e-02
3.9547997316e-02 3.9580101274e-02
2.9661896953e-02 2.9685919979e-02
1.9775197612e-02 1.9791139216e-02
9.8879557562e-03 9.8958154958e-03
2.2252685895e-07 5.8885730493e-18
0.0000000000e+00 -9.8962609132e-03
