0.0000000000e+00 0.0000000000e+00
8.9412455897e-03 8.9413199493e-03
1.7783682922e-02 1.7783830820e-02
2.6528294179e-02 2.6528514801e-02
3.5176051778e-02 3.5176344318e-02
4.3727918472e-02 4.3728282133e-02
5.2184847442e-02 5.2185281435e-02
6.0547782395e-02 6.0548285938e-02
6.8817657659e-02 6.8818229978e-02
7.6995398271e-02 7.6996038600e-02
8.5081920076e-02 8.5082627656e-02
9.3078129814e-02 9.3078903894e-02
1.0098492521e-01 1.0098576505e-01
1.0880319507e-01 1.0880409993e-01
1.1653381936e-01 1.1653478851e-01
1.2417766931e-01 1.2417870203e-01
1.3173560747e-01 1.3173670304e-01
1.3920848782e-01 1.3920964554e-01
1.4659715588e-01 1.4659837504e-01
1.5390244872e-01 1.5390372864e-01
1.6112519513e-01 1.6112653512e-01
1.6826621564e-01 1.6826761502e-01
1.7532632263e-01 1.7532778072e-01
1.8230632039e-01 1.8230783653e-01
1.8920700524e-01 1.8920857877e-01
1.9602916557e-01 1.9603079584e-01
2.0277358194e-01 2.0277526829e-01
2.0944102713e-01 2.0944276893e-01
2.1603226627e-01 2.1603406289e-01
2.2254805687e-01 2.2254990767e-01
2.2898914890e-01 2.2899105327e-01
2.3535628489e-01 2.3535824221e-01
2.4165019998e-01 2.4165220964e-01
2.4787162200e-01 2.4787368341e-01
2.5402127157e-01 2.5402338411e-01
2.6009986211e-01 2.6010202521e-01
2.6610809998e-01 2.6611031304e-01
2.7204668449e-01 2.7204894694e-01
2.7791630802e-01 2.7791861929e-01
2.8371765607e-01 2.8372001558e-01
2.8945140731e-01 2.8945381450e-01
2.9511823367e-01 2.9512068799e-01
3.0071880040e-01 3.0072130129e-01
3.0625376614e-01 3.0625631307e-01
3.1172378298e-01 3.1172637540e-01
3.1712949654e-01 3.1713213392e-01
3.2247154601e-01 3.2247422781e-01
3.2775056421e-01 3.2775328992e-01
3.3296717771e-01 3.3296994680e-01
3.3812200683e-01 3.3812481878e-01
3.4321566571e-01 3.4321852002e-01
3.4824876240e-01 3.4825165857e-01
3.5322189891e-01 3.5322483644e-01
3.5813567127e-01 3.5813864966e-01
3.6299066956e-01 3.6299368833e-01
3.6778747802e-01 3.6779053668e-01
3.7252667507e-01 3.7252977314e-01
3.7720883338e-01 3.7721197039e-01
3.8183451994e-01 3.8183769542e-01
3.8640429608e-01 3.8640750957e-01
3.9091871758e-01 3.9092196861e-01
3.9537833468e-01 3.9538162279e-01
3.9978369214e-01 3.9978701688e-01
4.0413532932e-01 4.0413869025e-01
4.0843378021e-01 4.0843717690e-01
4.1267957351e-01 4.1268300550e-01
4.1687323264e-01 4.1687669951e-01
4.2101527583e-01 4.2101877714e-01
4.2510621616e-01 4.2510975149e-01
4.2914656160e-01 4.2915013053e-01
4.3313681508e-01 4.3314041720e-01
4.3707747453e-01 4.3708110942e-01
4.4096903293e-01 4.4097270018e-01
4.4481197836e-01 4.4481567757e-01
4.4860679403e-01 4.4861052480e-01
4.5235395838e-01 4.5235772031e-01
4.5605394507e-01 4.5605773777e-01
4.5970722307e-01 4.5971104615e-01
4.6331425666e-01 4.6331810974e-01
4.6687550553e-01 4.6687938822e-01
4.7039142479e-01 4.7039533673e-01
4.7386246504e-01 4.7386640584e-01
4.7728907238e-01 4.7729304167e-01
4.8067168848e-01 4.8067568590e-01
4.8401075064e-01 4.8401477583e-01
4.8730669178e-01 4.8731074438e-01
4.9055994055e-01 4.9056402021e-01
4.9377092132e-01 4.9377502768e-01
4.9694005425e-01 4.9694418696e-01
5.0006775531e-01 5.0007191403e-01
5.0315443634e-01 5.0315862073e-01
5.0620050511e-01 5.0620471483e-01
5.0920636530e-01 5.0921060001e-01
5.1217241659e-01 5.1217667598e-01
5.1509905471e-01 5.1510333843e-01
5.1798667143e-01 5.1799097917e-01
5.2083565463e-01 5.2083998606e-01
5.2364638834e-01 5.2365074314e-01
5.2641925277e-01 5.2642363063e-01
5.2915462436e-01 5.2915902496e-01
5.3185287578e-01 5.3185729882e-01
5.3451437603e-01 5.3451882120e-01
5.3713949042e-01 5.3714395743e-01
5.3972858064e-01 5.3973306917e-01
5.4228200477e-01 5.4228651454e-01
5.4480011736e-01 5.4480464807e-01
5.4728326940e-01 5.4728782076e-01
5.4973180841e-01 5.4973638013e-01
5.5214607846e-01 5.5215067026e-01
5.5452642019e-01 5.5453103178e-01
5.5687317085e-01 5.5687780196e-01
5.5918666435e-01 5.5919131470e-01
5.6146723128e-01 5.6147190059e-01
5.6371519893e-01 5.6371988693e-01
5.6593089135e-01 5.6593559778e-01
5.6811462937e-01 5.6811935396e-01
5.7026673062e-01 5.7027147310e-01
5.7238750957e-01 5.7239226969e-01
5.7447727759e-01 5.7448205509e-01
5.7653634292e-01 5.7654113755e-01
5.7856501077e-01 5.7856982226e-01
5.8056358329e-01 5.8056841140e-01
5.8253235963e-01 5.8253720411e-01
5.8447163598e-01 5.8447649659e-01
5.8638170558e-01 5.8638658207e-01
5.8826285875e-01 5.8826775089e-01
5.9011538293e-01 5.9012029047e-01
5.9193956269e-01 5.9194448540e-01
5.9373567979e-01 5.9374061744e-01
5.9550401319e-01 5.9550896553e-01
5.9724483904e-01 5.9724980587e-01
5.9895843080e-01 5.9896341188e-01
6.0064505917e-01 6.0065005427e-01
6.0230499218e-01 6.0231000108e-01
6.0393849519e-01 6.0394351767e-01
6.0554583091e-01 6.0555086676e-01
6.0712725947e-01 6.0713230846e-01
6.0868303837e-01 6.0868810031e-01
6.1021342259e-01 6.1021849725e-01
6.1171866456e-01 6.1172375174e-01
6.1319901420e-01 6.1320411369e-01
6.1465471894e-01 6.1465983053e-01
6.1608602376e-01 6.1609114726e-01
6.1749317121e-01 6.1749830641e-01
6.1887640141e-01 6.1888154811e-01
6.2023595212e-01 6.2024111012e-01
6.2157205870e-01 6.2157722781e-01
6.2288495420e-01 6.2289013422e-01
6.2417486934e-01 6.2418006010e-01
6.2544203257e-01 6.2544723385e-01
6.2668667003e-01 6.2669188166e-01
6.2790900563e-01 6.2791422743e-01
6.2910926108e-01 6.2911449286e-01
6.3028765584e-01 6.3029289742e-01
6.3144440722e-01 6.3144965842e-01
6.3257973036e-01 6.3258499100e-01
6.3369383827e-01 6.3369910817e-01
6.3478694182e-01 6.3479222081e-01
6.3585924981e-01 6.3586453772e-01
6.3691096895e-01 6.3691626560e-01
6.3794230391e-01 6.3794760913e-01
6.3895345729e-01 6.3895877093e-01
6.3994462973e-01 6.3994995160e-01
6.4091601982e-01 6.4092134977e-01
6.4186782421e-01 6.4187316208e-01
6.4280023760e-01 6.4280558322e-01
6.4371345273e-01 6.4371880594e-01
6.4460766044e-01 6.4461302108e-01
6.4548304966e-01 6.4548841758e-01
6.4633980746e-01 6.4634518251e-01
6.4717811904e-01 6.4718350106e-01
6.4799816776e-01 6.4800355660e-01
6.4880013516e-01 6.4880553066e-01
6.4958420097e-01 6.4958960299e-01
6.5035054314e-01 6.5035595153e-01
6.5109933785e-01 6.5110475246e-01
6.5183075951e-01 6.5183618021e-01
6.5254498083e-01 6.5255040747e-01
6.5324217279e-01 6.5324760522e-01
6.5392250465e-01 6.5392794273e-01
6.5458614401e-01 6.5459158761e-01
6.5523325681e-01 6.5523870579e-01
6.5586400731e-01 6.5586946153e-01
6.5647855816e-01 6.5648401750e-01
6.5707707040e-01 6.5708253471e-01
6.5765970346e-01 6.5766517261e-01
6.5822661516e-01 6.5823208903e-01
6.5877796180e-01 6.5878344025e-01
6.5931389808e-01 6.5931938099e-01
6.5983457721e-01 6.5984006444e-01
6.6034015082e-01 6.6034564225e-01
6.6083076908e-01 6.6083626459e-01
6.6130658065e-01 6.6131208012e-01
6.6176773271e-01 6.6177323601e-01
6.6221437098e-01 6.6221987799e-01
6.6264663973e-01 6.6265215033e-01
6.6306468180e-01 6.6307019588e-01
6.6346863860e-01 6.6347415604e-01
6.6385865015e-01 6.6386417083e-01
6.6423485506e-01 6.6424037887e-01
6.6459739058e-01 6.6460291740e-01
6.6494639259e-01 6.6495192231e-01
6.6528199561e-01 6.6528752812e-01
6.6560433283e-01 6.6560986802e-01
6.6591353612e-01 6.6591907388e-01
6.6620973603e-01 6.6621527625e-01
6.6649306182e-01 6.6649860439e-01
6.6676364146e-01 6.6676918628e-01
6.6702160166e-01 6.6702714862e-01
6.6726706784e-01 6.6727261684e-01
6.6750016422e-01 6.6750571515e-01
6.6772101374e-01 6.6772656651e-01
6.6792973814e-01 6.6793529264e-01
6.6812645795e-01 6.6813201409e-01
6.6831129250e-01 6.6831685018e-01
6.6848435994e-01 6.6848991905e-01
6.6864577722e-01 6.6865133767e-01
6.6879566016e-01 6.6880122186e-01
6.6893412341e-01 6.6893968625e-01
6.6906128049e-01 6.6906684439e-01
6.6917724377e-01 6.6918280863e-01
6.6928212454e-01 6.6928769027e-01
6.6937603295e-01 6.6938159946e-01
6.6945907808e-01 6.6946464528e-01
6.6953136790e-01 6.6953693570e-01
6.6959300933e-01 6.6959857764e-01
6.6964410822e-01 6.6964967695e-01
6.6968476935e-01 6.6969033842e-01
6.6971509649e-01 6.6972066581e-01
6.6973519236e-01 6.6974076185e-01
6.6974515866e-01 6.6975072823e-01
6.6974509608e-01 6.6975066564e-01
6.6973510431e-01 6.6974067379e-01
6.6971528205e-01 6.6972085136e-01
6.6968572702e-01 6.6969129608e-01
6.6964653596e-01 6.6965210469e-01
6.6959780466e-01 6.6960337298e-01
6.6953962794e-01 6.6954519578e-01
6.6947209971e-01 6.6947766699e-01
6.6939531292e-01 6.6940087955e-01
6.6930935960e-01 6.6931492551e-01
6.6921433086e-01 6.6921989598e-01
6.6911031693e-01 6.6911588118e-01
6.6899740711e-01 6.6900297042e-01
6.6887568983e-01 6.6888125213e-01
6.6874525264e-01 6.6875081386e-01
6.6860618223e-01 6.6861174228e-01
6.6845856440e-01 6.6846412322e-01
6.6830248412e-01 6.6830804164e-01
6.6813802551e-01 6.6814358166e-01
6.6796527185e-01 6.6797082656e-01
6.6778430560e-01 6.6778985881e-01
6.6759520839e-01 6.6760076002e-01
6.6739806105e-01 6.6740361104e-01
6.6719294359e-01 6.6719849188e-01
6.6697993525e-01 6.6698548176e-01
6.6675911446e-01 6.6676465913e-01
6.6653055887e-01 6.6653610164e-01
6.6629434538e-01 6.6629988618e-01
6.6605055011e-01 6.6605608888e-01
6.6579924841e-01 6.6580478509e-01
6.6554051491e-01 6.6554604944e-01
6.6527442348e-01 6.6527995579e-01
6.6500104727e-01 6.6500657730e-01
6.6472045867e-01 6.6472598637e-01
6.6443272939e-01 6.6443825469e-01
6.6413793041e-01 6.6414345326e-01
6.6383613200e-01 6.6384165233e-01
6.6352740374e-01 6.6353292150e-01
6.6321181450e-01 6.6321732964e-01
6.6288943251e-01 6.6289494496e-01
6.6256032526e-01 6.6256583498e-01
6.6222455962e-01 6.6223006654e-01
6.6188220177e-01 6.6188770584e-01
6.6153331724e-01 6.6153881841e-01
6.6117797091e-01 6.6118346912e-01
6.6081622700e-01 6.6082172220e-01
6.6044814912e-01 6.6045364126e-01
6.6007380023e-01 6.6007928924e-01
6.5969324265e-01 6.5969872850e-01
6.5930653810e-01 6.5931202074e-01
6.5891374770e-01 6.5891922706e-01
6.5851493193e-01 6.5852040797e-01
6.5811015068e-01 6.5811562336e-01
6.5769946326e-01 6.5770493252e-01
6.5728292837e-01 6.5728839417e-01
6.5686060415e-01 6.5686606643e-01
6.5643254813e-01 6.5643800685e-01
6.5599881729e-01 6.5600427240e-01
6.5555946805e-01 6.5556491950e-01
6.5511455625e-01 6.5512000400e-01
6.5466413718e-01 6.5466958118e-01
6.5420826559e-01 6.5421370580e-01
6.5374699568e-01 6.5375243204e-01
6.5328038110e-01 6.5328581359e-01
6.5280847499e-01 6.5281390355e-01
6.5233132995e-01 6.5233675453e-01
6.5184899805e-01 6.5185441862e-01
6.5136153084e-01 6.5136694736e-01
6.5086897939e-01 6.5087439180e-01
6.5037139422e-01 6.5037680249e-01
6.4986882537e-01 6.4987422946e-01
6.4936132238e-01 6.4936672225e-01
6.4884893430e-01 6.4885432991e-01
6.4833170969e-01 6.4833710099e-01
6.4780969662e-01 6.4781508358e-01
6.4728294269e-01 6.4728832527e-01
6.4675149503e-01 6.4675687319e-01
6.4621540029e-01 6.4622077399e-01
6.4567470468e-01 6.4568007387e-01
6.4512945391e-01 6.4513481857e-01
6.4457969327e-01 6.4458505336e-01
6.4402546760e-01 6.4403082307e-01
6.4346682127e-01 6.4347217209e-01
6.4290379822e-01 6.4290914436e-01
6.4233644197e-01 6.4234178339e-01
6.4176479559e-01 6.4177013225e-01
6.4118890171e-01 6.4119423358e-01
6.4060880257e-01 6.4061412961e-01
6.4002453996e-01 6.4002986214e-01
6.3943615527e-01 6.3944147255e-01
6.3884368947e-01 6.3884900183e-01
6.3824718314e-01 6.3825249053e-01
6.3764667643e-01 6.3765197882e-01
6.3704220911e-01 6.3704750648e-01
6.3643382055e-01 6.3643911286e-01
6.3582154973e-01 6.3582683694e-01
6.3520543524e-01 6.3521071732e-01
6.3458551528e-01 6.3459079221e-01
6.3396182769e-01 6.3396709943e-01
6.3333440991e-01 6.3333967643e-01
6.3270329903e-01 6.3270856030e-01
6.3206853175e-01 6.3207378774e-01
6.3143014442e-01 6.3143539509e-01
6.3078817303e-01 6.3079341836e-01
6.3014265319e-01 6.3014789315e-01
6.2949362019e-01 6.2949885475e-01
6.2884110894e-01 6.2884633808e-01
6.2818515403e-01 6.2819037770e-01
6.2752578967e-01 6.2753100786e-01
6.2686304977e-01 6.2686826244e-01
6.2619696787e-01 6.2620217500e-01
6.2552757720e-01 6.2553277876e-01
6.2485491064e-01 6.2486010661e-01
6.2417900076e-01 6.2418419111e-01
6.2349987980e-01 6.2350506450e-01
6.2281757968e-01 6.2282275870e-01
6.2213213200e-01 6.2213730531e-01
6.2144356805e-01 6.2144873563e-01
6.2075191880e-01 6.2075708063e-01
6.2005721492e-01 6.2006237097e-01
6.1935948677e-01 6.1936463702e-01
6.1865876443e-01 6.1866390885e-01
6.1795507765e-01 6.1796021621e-01
6.1724845589e-01 6.1725358858e-01
6.1653892834e-01 6.1654405512e-01
6.1582652388e-01 6.1583164473e-01
6.1511127110e-01 6.1511638600e-01
6.1439319832e-01 6.1439830725e-01
6.1367233357e-01 6.1367743650e-01
6.1294870460e-01 6.1295380151e-01
6.1222233889e-01 6.1222742976e-01
6.1149326365e-01 6.1149834845e-01
6.1076150580e-01 6.1076658451e-01
6.1002709201e-01 6.1003216461e-01
6.0929004869e-01 6.0929511516e-01
6.0855040197e-01 6.0855546229e-01
6.0780817773e-01 6.0781323187e-01
6.0706340160e-01 6.0706844954e-01
6.0631609893e-01 6.0632114065e-01
6.0556629484e-01 6.0557133033e-01
6.0481401420e-01 6.0481904343e-01
6.0405928163e-01 6.0406430458e-01
6.0330212149e-01 6.0330713814e-01
6.0254255792e-01 6.0254756825e-01
6.0178061481e-01 6.0178561881e-01
6.0101631582e-01 6.0102131345e-01
6.0024968435e-01 6.0025467561e-01
5.9948074360e-01 5.9948572846e-01
5.9870951653e-01 5.9871449497e-01
5.9793602585e-01 5.9794099785e-01
5.9716029407e-01 5.9716525962e-01
5.9638234346e-01 5.9638730254e-01
5.9560219609e-01 5.9560714868e-01
5.9481987378e-01 5.9482481987e-01
5.9403539817e-01 5.9404033772e-01
5.9324879064e-01 5.9325372365e-01
5.9246007240e-01 5.9246499885e-01
5.9166926442e-01 5.9167418429e-01
5.9087638748e-01 5.9088130076e-01
5.9008146215e-01 5.9008636881e-01
5.8928450878e-01 5.8928940880e-01
5.8848554753e-01 5.8849044091e-01
5.8768459837e-01 5.8768948508e-01
5.8688168105e-01 5.8688656108e-01
5.8607681513e-01 5.8608168848e-01
5.8527002000e-01 5.8527488663e-01
5.8446131482e-01 5.8446617472e-01
5.8365071858e-01 5.8365557174e-01
5.8283825008e-01 5.8284309648e-01
5.8202392792e-01 5.8202876755e-01
5.8120777054e-01 5.8121260338e-01
5.8038979618e-01 5.8039462221e-01
5.7957002290e-01 5.7957484211e-01
5.7874846858e-01 5.7875328095e-01
5.7792515092e-01 5.7792995645e-01
5.7710008746e-01 5.7710488612e-01
5.7627329554e-01 5.7627808732e-01
5.7544479235e-01 5.7544957724e-01
5.7461459490e-01 5.7461937288e-01
5.7378272003e-01 5.7378749109e-01
5.7294918441e-01 5.7295394854e-01
5.7211400455e-01 5.7211876173e-01
5.7127719680e-01 5.7128194702e-01
5.7043877734e-01 5.7044352058e-01
5.6959876219e-01 5.6960349844e-01
5.6875716720e-01 5.6876189645e-01
5.6791400809e-01 5.6791873033e-01
5.6706930041e-01 5.6707401562e-01
5.6622305953e-01 5.6622776770e-01
5.6537530072e-01 5.6538000183e-01
5.6452603905e-01 5.6453073310e-01
5.6367528946e-01 5.6367997643e-01
5.6282306674e-01 5.6282774663e-01
5.6196938554e-01 5.6197405833e-01
5.6111426036e-01 5.6111892603e-01
5.6025770555e-01 5.6026236409e-01
5.5939973531e-01 5.5940438671e-01
5.5854036372e-01 5.5854500798e-01
5.5767960471e-01 5.5768424181e-01
5.5681747208e-01 5.5682210200e-01
5.5595397946e-01 5.5595860220e-01
5.5508914039e-01 5.5509375593e-01
5.5422296824e-01 5.5422757658e-01
5.5335547628e-01 5.5336007740e-01
5.5248667761e-01 5.5249127150e-01
5.5161658523e-01 5.5162117188e-01
5.5074521199e-01 5.5074979139e-01
5.4987257063e-01 5.4987714278e-01
5.4899867376e-01 5.4900323863e-01
5.4812353385e-01 5.4812809144e-01
5.4724716325e-01 5.4725171356e-01
5.4636957422e-01 5.4637411722e-01
5.4549077885e-01 5.4549531454e-01
5.4461078913e-01 5.4461531750e-01
5.4372961694e-01 5.4373413798e-01
5.4284727404e-01 5.4285178774e-01
5.4196377205e-01 5.4196827840e-01
5.4107912251e-01 5.4108362150e-01
5.4019333681e-01 5.4019782844e-01
5.3930642626e-01 5.3931091050e-01
5.3841840203e-01 5.3842287889e-01
5.3752927520e-01 5.3753374465e-01
5.3663905672e-01 5.3664351877e-01
5.3574775744e-01 5.3575221208e-01
5.3485538811e-01 5.3485983532e-01
5.3396195937e-01 5.3396639915e-01
5.3306748174e-01 5.3307191408e-01
5.3217196566e-01 5.3217639055e-01
5.3127542144e-01 5.3127983887e-01
5.3037785931e-01 5.3038226927e-01
5.2947928937e-01 5.2948369186e-01
5.2857972166e-01 5.2858411667e-01
5.2767916609e-01 5.2768355361e-01
5.2677763248e-01 5.2678201249e-01
5.2587513055e-01 5.2587950305e-01
5.2497166992e-01 5.2497603491e-01
5.2406726013e-01 5.2407161760e-01
5.2316191062e-01 5.2316626055e-01
5.2225563071e-01 5.2225997310e-01
5.2134842966e-01 5.2135276451e-01
5.2044031663e-01 5.2044464392e-01
5.1953130068e-01 5.1953562041e-01
5.1862139079e-01 5.1862570295e-01
5.1771059585e-01 5.1771490043e-01
5.1679892464e-01 5.1680322164e-01
5.1588638588e-01 5.1589067529e-01
5.1497298820e-01 5.1497727001e-01
5.1405874014e-01 5.1406301434e-01
5.1314365013e-01 5.1314791672e-01
5.1222772657e-01 5.1223198554e-01
5.1131097772e-01 5.1131522906e-01
5.1039341180e-01 5.1039765551e-01
5.0947503693e-01 5.0947927299e-01
5.0855586114e-01 5.0856008956e-01
5.0763589240e-01 5.0764011317e-01
5.0671513859e-01 5.0671935170e-01
5.0579360752e-01 5.0579781296e-01
5.0487130691e-01 5.0487550468e-01
5.0394824441e-01 5.0395243449e-01
5.0302442759e-01 5.0302860999e-01
5.0209986395e-01 5.0210403866e-01
5.0117456092e-01 5.0117872794e-01
5.0024852585e-01 5.0025268516e-01
4.9932176600e-01 4.9932591761e-01
4.9839428860e-01 4.9839843248e-01
4.9746610076e-01 4.9747023692e-01
4.9653720956e-01 4.9654133799e-01
4.9560762197e-01 4.9561174267e-01
4.9467734493e-01 4.9468145790e-01
4.9374638529e-01 4.9375049051e-01
4.9281474984e-01 4.9281884731e-01
4.9188244528e-01 4.9188653500e-01
4.9094947828e-01 4.9095356023e-01
4.9001585542e-01 4.9001992960e-01
4.8908158321e-01 4.8908564962e-01
4.8814666811e-01 4.8815072674e-01
4.8721111651e-01 4.8721516737e-01
4.8627493475e-01 4.8627897781e-01
4.8533812908e-01 4.8534216434e-01
4.8440070570e-01 4.8440473317e-01
4.8346267075e-01 4.8346669042e-01
4.8252403032e-01 4.8252804218e-01
4.8158479043e-01 4.8158879447e-01
4.8064495702e-01 4.8064895325e-01
4.7970453601e-01 4.7970852441e-01
4.7876353323e-01 4.7876751380e-01
4.7782195446e-01 4.7782592720e-01
4.7687980543e-01 4.7688377034e-01
4.7593709182e-01 4.7594104888e-01
4.7499381922e-01 4.7499776844e-01
4.7404999321e-01 4.7405393457e-01
4.7310561927e-01 4.7310955277e-01
4.7216070285e-01 4.7216462850e-01
4.7121524936e-01 4.7121916714e-01
4.7026926412e-01 4.7027317403e-01
4.6932275242e-01 4.6932665446e-01
4.6837571950e-01 4.6837961366e-01
4.6742817054e-01 4.6743205681e-01
4.6648011066e-01 4.6648398904e-01
4.6553154494e-01 4.6553541544e-01
4.6458247842e-01 4.6458634102e-01
4.6363291607e-01 4.6363677077e-01
4.6268286282e-01 4.6268670962e-01
4.6173232355e-01 4.6173616244e-01
4.6078130309e-01 4.6078513406e-01
4.5982980622e-01 4.5983362928e-01
4.5887783768e-01 4.5888165282e-01
4.5792540216e-01 4.5792920938e-01
4.5697250430e-01 4.5697630359e-01
4.5601914870e-01 4.5602294006e-01
4.5506533990e-01 4.5506912332e-01
4.5411108241e-01 4.5411485790e-01
4.5315638069e-01 4.5316014824e-01
4.5220123916e-01 4.5220499876e-01
4.5124566218e-01 4.5124941383e-01
4.5028965410e-01 4.5029339779e-01
4.4933321918e-01 4.4933695492e-01
4.4837636168e-01 4.4838008946e-01
4.4741908580e-01 4.4742280561e-01
4.4646139569e-01 4.4646510754e-01
4.4550329547e-01 4.4550699935e-01
4.4454478922e-01 4.4454848512e-01
4.4358588097e-01 4.4358956890e-01
4.4262657473e-01 4.4263025468e-01
4.4166687444e-01 4.4167054640e-01
4.4070678403e-01 4.4071044800e-01
4.3974630736e-01 4.3974996335e-01
4.3878544829e-01 4.3878909628e-01
4.3782421061e-01 4.3782785061e-01
4.3686259808e-01 4.3686623008e-01
4.3590061444e-01 4.3590423844e-01
4.3493826337e-01 4.3494187936e-01
4.3397554852e-01 4.3397915650e-01
4.3301247351e-01 4.3301607348e-01
4.3204904192e-01 4.3205263387e-01
4.3108525729e-01 4.3108884123e-01
4.3012112314e-01 4.3012469905e-01
4.2915664293e-01 4.2916021082e-01
4.2819182011e-01 4.2819537998e-01
4.2722665809e-01 4.2723020992e-01
4.2626116022e-01 4.2626470403e-01
4.2529532987e-01 4.2529886563e-01
4.2432917031e-01 4.2433269804e-01
4.2336268484e-01 4.2336620453e-01
4.2239587669e-01 4.2239938834e-01
4.2142874907e-01 4.2143225267e-01
4.2046130515e-01 4.2046480071e-01
4.1949354808e-01 4.1949703558e-01
4.1852548097e-01 4.1852896042e-01
4.1755710690e-01 4.1756057829e-01
4.1658842892e-01 4.1659189226e-01
4.1561945006e-01 4.1562290533e-01
4.1465017330e-01 4.1465362051e-01
4.1368060161e-01 4.1368404076e-01
4.1271073792e-01 4.1271416900e-01
4.1174058513e-01 4.1174400813e-01
4.1077014611e-01 4.1077356104e-01
4.0979942371e-01 4.0980283057e-01
4.0882842075e-01 4.0883181953e-01
4.0785714002e-01 4.0786053071e-01
4.0688558427e-01 4.0688896688e-01
4.0591375624e-01 4.0591713077e-01
4.0494165863e-01 4.0494502508e-01
4.0396929413e-01 4.0397265249e-01
4.0299666540e-01 4.0300001566e-01
4.0202377504e-01 4.0202711722e-01
4.0105062568e-01 4.0105395975e-01
4.0007721987e-01 4.0008054585e-01
3.9910356018e-01 3.9910687806e-01
3.9812964912e-01 3.9813295889e-01
3.9715548919e-01 3.9715879086e-01
3.9618108287e-01 3.9618437644e-01
3.9520643260e-01 3.9520971806e-01
3.9423154082e-01 3.9423481817e-01
3.9325640991e-01 3.9325967915e-01
3.9228104227e-01 3.9228430339e-01
3.9130544023e-01 3.9130869324e-01
3.9032960614e-01 3.9033285103e-01
3.8935354230e-01 3.8935677906e-01
3.8837725098e-01 3.8838047963e-01
3.8740073446e-01 3.8740395498e-01
3.8642399497e-01 3.8642720737e-01
3.8544703473e-01 3.8545023900e-01
3.8446985593e-01 3.8447305207e-01
3.8349246075e-01 3.8349564875e-01
3.8251485133e-01 3.8251803120e-01
3.8153702980e-01 3.8154020154e-01
3.8055899829e-01 3.8056216189e-01
3.7958075886e-01 3.7958391432e-01
3.7860231359e-01 3.7860546091e-01
3.7762366452e-01 3.7762680370e-01
3.7664481368e-01 3.7664794472e-01
3.7566576308e-01 3.7566888598e-01
3.7468651470e-01 3.7468962945e-01
3.7370707050e-01 3.7371017711e-01
3.7272743244e-01 3.7273053089e-01
3.7174760244e-01 3.7175069274e-01
3.7076758241e-01 3.7077066456e-01
3.6978737424e-01 3.6979044823e-01
3.6880697979e-01 3.6881004563e-01
3.6782640092e-01 3.6782945860e-01
3.6684563947e-01 3.6684868899e-01
3.6586469724e-01 3.6586773860e-01
3.6488357603e-01 3.6488660923e-01
3.6390227763e-01 3.6390530267e-01
3.6292080380e-01 3.6292382067e-01
3.6193915627e-01 3.6194216498e-01
3.6095733678e-01 3.6096033732e-01
3.5997534703e-01 3.5997833940e-01
3.5899318872e-01 3.5899617292e-01
3.5801086352e-01 3.5801383955e-01
3.5702837310e-01 3.5703134095e-01
3.5604571908e-01 3.5604867876e-01
3.5506290311e-01 3.5506585461e-01
3.5407992679e-01 3.5408287011e-01
3.5309679171e-01 3.5309972685e-01
3.5211349945e-01 3.5211642642e-01
3.5113005158e-01 3.5113297036e-01
3.5014644964e-01 3.5014936024e-01
3.4916269516e-01 3.4916559757e-01
3.4817878965e-01 3.4818168389e-01
3.4719473463e-01 3.4719762068e-01
3.4621053158e-01 3.4621340944e-01
3.4522618196e-01 3.4522905163e-01
3.4424168724e-01 3.4424454872e-01
3.4325704886e-01 3.4325990214e-01
3.4227226824e-01 3.4227511333e-01
3.4128734680e-01 3.4129018370e-01
3.4030228593e-01 3.4030511464e-01
3.3931708704e-01 3.3931990755e-01
3.3833175148e-01 3.3833456379e-01
3.3734628061e-01 3.3734908473e-01
3.3636067578e-01 3.3636347170e-01
3.3537493833e-01 3.3537772605e-01
3.3438906957e-01 3.3439184908e-01
3.3340307080e-01 3.3340584211e-01
3.3241694332e-01 3.3241970643e-01
3.3143068841e-01 3.3143344331e-01
3.3044430733e-01 3.3044705403e-01
3.2945780134e-01 3.2946053983e-01
3.2847117167e-01 3.2847390196e-01
3.2748441957e-01 3.2748714165e-01
3.2649754624e-01 3.2650026011e-01
3.2551055290e-01 3.2551325855e-01
3.2452344073e-01 3.2452613817e-01
3.2353621091e-01 3.2353890014e-01
3.2254886462e-01 3.2255154563e-01
3.2156140301e-01 3.2156407581e-01
3.2057382723e-01 3.2057649181e-01
3.1958613841e-01 3.1958879478e-01
3.1859833768e-01 3.1860098583e-01
3.1761042615e-01 3.1761306608e-01
3.1662240492e-01 3.1662503664e-01
3.1563427508e-01 3.1563689858e-01
3.1464603772e-01 3.1464865299e-01
3.1365769389e-01 3.1366030094e-01
3.1266924466e-01 3.1267184349e-01
3.1168069108e-01 3.1168328168e-01
3.1069203418e-01 3.1069461656e-01
3.0970327499e-01 3.0970584915e-01
3.0871441453e-01 3.0871698046e-01
3.0772545380e-01 3.0772801150e-01
3.0673639381e-01 3.0673894328e-01
3.0574723553e-01 3.0574977677e-01
3.0475797994e-01 3.0476051295e-01
3.0376862801e-01 3.0377115280e-01
3.0277918071e-01 3.0278169726e-01
3.0178963897e-01 3.0179214729e-01
3.0080000374e-01 3.0080250382e-01
2.9981027594e-01 2.9981276779e-01
2.9882045649e-01 2.9882294011e-01
2.9783054632e-01 2.9783302170e-01
2.9684054631e-01 2.9684301346e-01
2.9585045736e-01 2.9585291627e-01
2.9486028036e-01 2.9486273103e-01
2.9387001618e-01 2.9387245862e-01
2.9287966568e-01 2.9288209988e-01
2.9188922973e-01 2.9189165569e-01
2.9089870918e-01 2.9090112690e-01
2.8990810486e-01 2.8991051434e-01
2.8891741761e-01 2.8891981884e-01
2.8792664825e-01 2.8792904124e-01
2.8693579760e-01 2.8693818235e-01
2.8594486647e-01 2.8594724297e-01
2.8495385565e-01 2.8495622391e-01
2.8396276594e-01 2.8396512596e-01
2.8297159813e-01 2.8297394990e-01
2.8198035298e-01 2.8198269651e-01
2.8098903127e-01 2.8099136655e-01
2.7999763377e-01 2.7999996080e-01
2.7900616121e-01 2.7900847999e-01
2.7801461435e-01 2.7801692489e-01
2.7702299393e-01 2.7702529622e-01
2.7603130068e-01 2.7603359472e-01
2.7503953532e-01 2.7504182111e-01
2.7404769857e-01 2.7404997611e-01
2.7305579114e-01 2.7305806043e-01
2.7206381373e-01 2.7206607477e-01
2.7107176704e-01 2.7107401982e-01
2.7007965176e-01 2.7008189628e-01
2.6908746856e-01 2.6908970483e-01
2.6809521812e-01 2.6809744614e-01
2.6710290111e-01 2.6710512088e-01
2.6611051820e-01 2.6611272971e-01
2.6511807004e-01 2.6512027329e-01
2.6412555727e-01 2.6412775226e-01
2.6313298054e-01 2.6313516727e-01
2.6214034048e-01 2.6214251896e-01
2.6114763773e-01 2.6114980795e-01
2.6015487291e-01 2.6015703487e-01
2.5916204663e-01 2.5916420033e-01
2.5816915950e-01 2.5817130494e-01
2.5717621214e-01 2.5717834932e-01
2.5618320513e-01 2.5618533405e-01
2.5519013908e-01 2.5519225973e-01
2.5419701456e-01 2.5419912696e-01
2.5320383216e-01 2.5320593630e-01
2.5221059246e-01 2.5221268833e-01
2.5121729602e-01 2.5121938363e-01
2.5022394341e-01 2.5022602276e-01
2.4923053519e-01 2.4923260627e-01
2.4823707191e-01 2.4823913473e-01
2.4724355411e-01 2.4724560866e-01
2.4624998235e-01 2.4625202863e-01
2.4525635715e-01 2.4525839517e-01
2.4426267904e-01 2.4426470879e-01
2.4326894856e-01 2.4327097005e-01
2.4227516622e-01 2.4227717944e-01
2.4128133254e-01 2.4128333749e-01
2.4028744803e-01 2.4028944471e-01
2.3929351319e-01 2.3929550160e-01
2.3829952853e-01 2.3830150867e-01
2.3730549453e-01 2.3730746641e-01
2.3631141170e-01 2.3631337531e-01
2.3531728051e-01 2.3531923585e-01
2.3432310145e-01 2.3432504852e-01
2.3332887499e-01 2.3333081379e-01
2.3233460160e-01 2.3233653213e-01
2.3134028176e-01 2.3134220401e-01
2.3034591591e-01 2.3034782989e-01
2.2935150453e-01 2.2935341023e-01
2.2835704805e-01 2.2835894548e-01
2.2736254693e-01 2.2736443610e-01
2.2636800162e-01 2.2636988251e-01
2.2537341255e-01 2.2537528517e-01
2.2437878016e-01 2.2438064450e-01
2.2338410488e-01 2.2338596094e-01
2.2238938713e-01 2.2239123492e-01
2.2139462734e-01 2.2139646685e-01
2.2039982592e-01 2.2040165716e-01
2.1940498329e-01 2.1940680625e-01
2.1841009986e-01 2.1841191454e-01
2.1741517603e-01 2.1741698244e-01
2.1642021221e-01 2.1642201034e-01
2.1542520879e-01 2.1542699864e-01
2.1443016617e-01 2.1443194774e-01
2.1343508473e-01 2.1343685803e-01
2.1243996487e-01 2.1244172989e-01
2.1144480696e-01 2.1144656370e-01
2.1044961138e-01 2.1045135984e-01
2.0945437850e-01 2.0945611869e-01
2.0845910871e-01 2.0846084061e-01
2.0746380236e-01 2.0746552598e-01
2.0646845981e-01 2.0647017516e-01
2.0547308144e-01 2.0547478850e-01
2.0447766759e-01 2.0447936637e-01
2.0348221861e-01 2.0348390911e-01
2.0248673486e-01 2.0248841708e-01
2.0149121668e-01 2.0149289062e-01
2.0049566441e-01 2.0049733007e-01
1.9950007840e-01 1.9950173577e-01
1.9850445897e-01 1.9850610806e-01
1.9750880647e-01 1.9751044727e-01
1.9651312121e-01 1.9651475373e-01
1.9551740352e-01 1.9551902776e-01
1.9452165373e-01 1.9452326969e-01
1.9352587216e-01 1.9352747984e-01
1.9253005912e-01 1.9253165851e-01
1.9153421492e-01 1.9153580603e-01
1.9053833988e-01 1.9053992270e-01
1.8954243430e-01 1.8954400883e-01
1.8854649848e-01 1.8854806473e-01
1.8755053273e-01 1.8755209069e-01
1.8655453734e-01 1.8655608702e-01
1.8555851260e-01 1.8556005399e-01
1.8456245882e-01 1.8456399192e-01
1.8356637627e-01 1.8356790109e-01
1.8257026524e-01 1.8257178178e-01
1.8157412602e-01 1.8157563427e-01
1.8057795889e-01 1.8057945885e-01
1.7958176412e-01 1.7958325580e-01
1.7858554199e-01 1.7858702538e-01
1.7758929277e-01 1.7759076787e-01
1.7659301673e-01 1.7659448354e-01
1.7559671414e-01 1.7559817266e-01
1.7460038526e-01 1.7460183549e-01
1.7360403035e-01 1.7360547230e-01
1.7260764967e-01 1.7260908333e-01
1.7161124348e-01 1.7161266885e-01
1.7061481203e-01 1.7061622910e-01
1.6961835557e-01 1.6961976435e-01
1.6862187435e-01 1.6862327484e-01
1.6762536861e-01 1.6762676082e-01
1.6662883861e-01 1.6663022252e-01
1.6563228457e-01 1.6563366020e-01
1.6463570675e-01 1.6463707409e-01
1.6363910537e-01 1.6364046442e-01
1.6264248067e-01 1.6264383143e-01
1.6164583289e-01 1.6164717535e-01
1.6064916225e-01 1.6065049642e-01
1.5965246897e-01 1.5965379485e-01
1.5865575329e-01 1.5865707088e-01
1.5765901543e-01 1.5766032473e-01
1.5666225561e-01 1.5666355661e-01
1.5566547404e-01 1.5566676675e-01
1.5466867094e-01 1.5466995536e-01
1.5367184652e-01 1.5367312265e-01
1.5267500101e-01 1.5267626885e-01
1.5167813460e-01 1.5167939414e-01
1.5068124751e-01 1.5068249876e-01
1.4968433994e-01 1.4968558289e-01
1.4868741209e-01 1.4868864675e-01
1.4769046417e-01 1.4769169054e-01
1.4669349637e-01 1.4669471445e-01
1.4569650890e-01 1.4569771868e-01
1.4469950194e-01 1.4470070343e-01
1.4370247570e-01 1.4370366889e-01
1.4270543036e-01 1.4270661526e-01
1.4170836611e-01 1.4170954272e-01
1.4071128315e-01 1.4071245146e-01
1.3971418165e-01 1.3971534167e-01
1.3871706181e-01 1.3871821353e-01
1.3771992380e-01 1.3772106722e-01
1.3672276780e-01 1.3672390293e-01
1.3572559400e-01 1.3572672083e-01
1.3472840257e-01 1.3472952110e-01
1.3373119368e-01 1.3373230392e-01
1.3273396751e-01 1.3273506946e-01
1.3173672424e-01 1.3173781789e-01
1.3073946403e-01 1.3074054938e-01
1.2974218704e-01 1.2974326410e-01
1.2874489345e-01 1.2874596221e-01
1.2774758343e-01 1.2774864389e-01
1.2675025712e-01 1.2675130929e-01
1.2575291471e-01 1.2575395858e-01
1.2475555634e-01 1.2475659191e-01
1.2375818217e-01 1.2375920945e-01
1.2276079237e-01 1.2276181135e-01
1.2176338709e-01 1.2176439777e-01
1.2076596648e-01 1.2076696886e-01
1.1976853069e-01 1.1976952478e-01
1.1877107988e-01 1.1877206567e-01
1.1777361419e-01 1.1777459168e-01
1.1677613377e-01 1.1677710296e-01
1.1577863877e-01 1.1577959967e-01
1.1478112933e-01 1.1478208193e-01
1.1378360561e-01 1.1378454991e-01
1.1278606773e-01 1.1278700373e-01
1.1178851584e-01 1.1178944354e-01
1.1079095008e-01 1.1079186948e-01
1.0979337058e-01 1.0979428169e-01
1.0879577749e-01 1.0879668030e-01
1.0779817094e-01 1.0779906544e-01
1.0680055106e-01 1.0680143726e-01
1.0580291798e-01 1.0580379589e-01
1.0480527184e-01 1.0480614145e-01
1.0380761277e-01 1.0380847408e-01
1.0280994089e-01 1.0281079390e-01
1.0181225633e-01 1.0181310104e-01
1.0081455922e-01 1.0081539563e-01
9.9816849684e-02 9.9817677793e-02
9.8819127842e-02 9.8819947651e-02
9.7821393818e-02 9.7822205328e-02
9.6823647734e-02 9.6824450943e-02
9.5825889709e-02 9.5826684618e-02
9.4828119862e-02 9.4828906471e-02
9.3830338311e-02 9.3831116618e-02
9.2832545171e-02 9.2833315178e-02
9.1834740558e-02 9.1835502265e-02
9.0836924586e-02 9.0837677992e-02
8.9839097369e-02 8.9839842473e-02
8.8841259016e-02 8.8841995820e-02
8.7843409641e-02 8.7844138144e-02
8.6845549351e-02 8.6846269553e-02
8.5847678256e-02 8.5848390156e-02
8.4849796463e-02 8.4850500062e-02
8.3851904078e-02 8.3852599375e-02
8.2854001206e-02 8.2854688202e-02
8.1856087952e-02 8.1856766647e-02
8.0858164419e-02 8.0858834812e-02
7.9860230710e-02 7.9860892801e-02
7.8862286924e-02 7.8862940713e-02
7.7864333163e-02 7.7864978650e-02
7.6866369526e-02 7.6867006711e-02
7.5868396111e-02 7.5869024993e-02
7.4870413014e-02 7.4871033594e-02
7.3872420333e-02 7.3873032611e-02
7.2874418162e-02 7.2875022137e-02
7.1876406596e-02 7.1877002269e-02
7.0878385728e-02 7.0878973099e-02
6.9880355651e-02 6.9880934719e-02
6.8882316456e-02 6.8882887221e-02
6.7884268233e-02 6.7884830696e-02
6.6886211074e-02 6.6886765234e-02
6.5888145066e-02 6.5888690923e-02
6.4890070297e-02 6.4890607851e-02
6.3891986855e-02 6.3892516106e-02
6.2893894825e-02 6.2894415773e-02
6.1895794293e-02 6.1896306938e-02
6.0897685344e-02 6.0898189686e-02
5.9899568062e-02 5.9900064100e-02
5.8901442528e-02 5.8901930263e-02
5.7903308825e-02 5.7903788256e-02
5.6905167035e-02 5.6905638163e-02
5.5907017237e-02 5.5907480061e-02
5.4908859511e-02 5.4909314032e-02
5.3910693937e-02 5.3911140154e-02
5.2912520592e-02 5.2912958505e-02
5.1914339553e-02 5.1914769162e-02
5.0916150897e-02 5.0916572202e-02
4.9917954699e-02 4.9918367700e-02
4.8919751035e-02 4.8920155732e-02
4.7921539979e-02 4.7921936372e-02
4.6923321603e-02 4.6923709692e-02
4.5925095982e-02 4.5925475767e-02
4.4926863187e-02 4.4927234667e-02
4.3928623289e-02 4.3928986465e-02
4.2930376359e-02 4.2930731230e-02
4.1932122466e-02 4.1932469034e-02
4.0933861681e-02 4.0934199944e-02
3.9935594071e-02 3.9935924029e-02
3.8937319705e-02 3.8937641358e-02
3.7939038649e-02 3.7939351998e-02
3.6940750970e-02 3.6941056014e-02
3.5942456734e-02 3.5942753473e-02
3.4944156006e-02 3.4944444440e-02
3.3945848850e-02 3.3946128980e-02
3.2947535331e-02 3.2947807156e-02
3.1949215512e-02 3.1949479031e-02
3.0950889455e-02 3.0951144669e-02
2.9952557222e-02 2.9952804131e-02
2.8954218875e-02 2.8954457479e-02
2.7955874475e-02 2.7956104774e-02
2.6957524081e-02 2.6957746075e-02
2.5959167753e-02 2.5959381442e-02
2.4960805551e-02 2.4961010934e-02
2.3962437532e-02 2.3962634610e-02
2.2964063755e-02 2.2964252527e-02
2.1965684276e-02 2.1965864743e-02
2.0967299153e-02 2.0967471314e-02
1.9968908441e-02 1.9969072297e-02
1.8970512197e-02 1.8970667747e-02
1.7972110474e-02 1.7972257718e-02
1.6973703328e-02 1.6973842266e-02
1.5975290812e-02 1.5975421445e-02
1.4976872980e-02 1.4976995307e-02
1.3978449884e-02 1.3978563905e-02
1.2980021578e-02 1.2980127293e-02
1.1981588112e-02 1.1981685521e-02
1.0983149538e-02 1.0983238641e-02
9.9847059070e-03 9.9847867042e-03
8.9862572690e-03 8.9863297601e-03
7.9878036738e-03 7.9878678588e-03
6.9893451708e-03 6.9894010495e-03
5.9908818086e-03 5.9909293811e-03
4.9924136356e-03 4.9924529019e-03
3.9939406995e-03 3.9939716596e-03
2.9954630479e-03 2.9954857016e-03
1.9969807275e-03 1.9969950748e-03
9.9849378467e-04 9.9849982565e-04
2.2654632961e-09 5.8885730493e-18
0.0000000000e+00 -9.9850435661e-04
