-2.8719413894e+02 -2.8326928014e+01 3.1414845358e+01 3.0225044517e+01 1.4664269248e+02 -2.6235425840e+01
-2.1286078604e+02 2.6087573488e+01 1.4300311313e+01 4.5729545329e+01 1.0143614622e+02 -2.6721152665e+00
1.2874167343e+02 1.3216289581e+02 7.0511699241e+00 4.5633740284e+01 -8.4150959329e+01 7.3868794527e+00
1.3320931868e+02 3.5570068284e+01 1.6264267777e+01 -2.9055007328e+00 -7.1474004951e+01 8.2451400441e+00
-1.0068806650e+02 -4.6809772440e+01 -6.7468663932e+01 -7.6757398637e+00 5.7098963483e+01 -2.0667672107e+01
-1.7385898628e+02 8.0447133478e+01 -5.7381534705e+01 6.6649437662e+01 7.3734610244e+01 -2.4950536942e+01
5.6392854685e+01 2.0009588685e+02 -1.3851586499e+01 9.0445811567e+01 -5.8771836624e+01 1.6733986474e+01
-1.9434459440e+01 -1.0169082874e+02 2.1474245954e+01 -4.7383103291e+01 2.5300024616e+01 1.7513509868e+00
2.4413253814e+02 -5.0231878224e+01 2.0943042411e+01 -6.2509247277e+01 -1.1320207811e+02 3.7869736154e+01
8.9021845960e+01 6.6760889035e+01 -5.6176059317e+01 1.9350518170e+01 -5.4391803525e+01 -3.2944903162e+01
8.6540822805e+01 1.1634866120e+02 -9.4735091174e+00 4.4305751217e+01 -6.0799276528e+01 4.2272207278e+00
6.7780790985e+01 -2.7481826226e+00 5.0835995306e+01 -1.1803633408e+01 -3.3156092768e+01 3.1717136914e+01
1.1815977617e+02 5.2287872548e+01 2.7005412749e+01 7.6909116570e+00 -6.6594250888e+01 3.0760833653e+01
1.0958169737e+02 -9.1751796151e+01 1.1004065810e+02 -6.2346864900e+01 -4.0148927620e+01 2.7267065029e+01
-9.0154529724e+01 -8.1807556179e+01 6.1669061678e+01 -2.6633683503e+01 5.7266963379e+01 1.8078139703e+01
1.2832871020e+02 5.2316974308e+01 -6.7694077348e+01 6.1414950145e+00 -7.1634972928e+01 -2.1404393229e+01
1.4107210853e+02 1.6200996403e+01 6.2698277802e+01 -1.3714364575e+01 -7.2383005965e+01 2.9327786339e+01
1.9668778530e+02 -1.8323877551e+02 -3.3346243385e+01 -1.2108943785e+02 -6.9204408992e+01 -4.8909827749e+01
3.1230112653e+01 -3.9828885456e+01 5.3441585735e+01 -2.4544052404e+01 -9.3342643198e+00 4.4158643347e+01
-1.6990431565e+02 5.0332670014e+01 2.2419311650e+01 5.1118261992e+01 7.6419993266e+01 5.5165626977e-01
-2.8841453591e+01 -1.2404392770e+02 2.0025635200e-01 -5.7012641103e+01 3.3406998106e+01 -1.1951153995e+01
8.1799862496e+01 -1.5523882658e+02 1.5416993306e+01 -8.9512347896e+01 -1.6599912598e+01 2.1341180324e+01
6.8747367833e+01 -1.4894262864e+02 -1.6011572370e+01 -8.4383136069e+01 -1.1107482834e+01 -6.8103572492e+00
1.0666739269e+02 1.5028678205e+02 -4.6753652526e+01 5.8017156278e+01 -7.6000129629e+01 -1.9582151697e+01
8.0715493163e+01 -7.9401843915e+01 -2.2018048777e+01 -5.1777670533e+01 -2.7752400955e+01 -1.3473039315e-01
-4.1259713848e+01 -3.6179393228e+01 -1.8150961320e+01 -1.1565762949e+01 2.6016750573e+01 -1.1115132904e+01
-3.7082288930e+01 -9.9015521712e+01 1.5656652211e+01 -4.3342052029e+01 3.3633723547e+01 -7.6263908543e+00
2.5943756481e+02 1.3169056694e+02 2.4779918281e+01 2.5261471038e+01 -1.4881643226e+02 4.7940077010e+00
-1.2057213143e+02 3.0642354896e+01 5.3382263120e+01 3.3763833091e+01 5.5011395902e+01 2.5991410330e+01
-2.9115505151e+01 -1.2179758043e+02 3.9770908169e+01 -5.5854432377e+01 3.3188001205e+01 1.0919938197e+01
4.1400212953e+01 -2.3651465519e+02 4.1702870130e+01 -1.2354827780e+02 1.5937080393e+01 -1.3655871546e+00
-7.9019557368e+01 -7.0019049365e+01 -5.9718161113e-01 -2.2513000761e+01 4.9938999482e+01 1.5627225441e+00
1.0186509902e+02 -1.0111166263e+02 -5.4006971710e+01 -6.5785998371e+01 -3.4883649767e+01 -2.6081320190e+01
-2.2009565433e+01 8.5692676406e+01 4.2226670395e+01 4.5845305643e+01 -2.3021564888e+00 -1.0828388307e+01
-4.6801896749e+01 1.3733916795e+02 2.2794502606e+01 7.5252849435e+01 2.0166205339e+00 1.6551161823e+01
4.1329900649e+01 -2.7110392464e+00 -5.2829481126e+01 -7.7108909970e+00 -2.0061489093e+01 1.1349266586e+01
-1.2549834049e+02 -3.2043481417e+01 4.3540586686e+01 3.4619503572e+00 6.7110244635e+01 -1.1681523627e+01
1.6182280212e+01 4.1388858039e+01 -3.5121630413e+01 1.8013622198e+01 -1.4391195770e+01 -1.7488597820e+01
1.9141636653e+01 5.2645464948e+01 1.1089337614e+01 2.3132538261e+01 -1.7598616164e+01 2.0023782811e+00
1.6678436622e+01 -1.6861165266e+01 3.8689518440e+00 -1.0921859355e+01 -5.6657742952e+00 6.0685305443e+00
2.2892399240e+01 -1.7726360625e+02 -2.8751842593e+01 -9.1340446576e+01 1.5982509455e+01 -1.8434325205e+01
2.2519683336e+01 5.8960958362e+01 -2.8685335904e+01 2.5740150418e+01 -2.0247599951e+01 -5.2237227082e+00
-1.8435686193e+02 7.2462458230e+01 -2.4556285395e+01 6.4312809872e+01 8.0164202683e+01 8.1046073750e+00
-1.0146177420e+01 -1.5465064818e+02 -4.7684921173e+00 -7.5049631763e+01 2.8857716107e+01 3.6691787808e+01
1.1550978544e+02 1.7237725285e+01 1.1478458209e+01 -9.2602962179e+00 -5.9879540244e+01 1.5983570707e+01
-2.2704873906e+02 -2.1030631205e+02 -1.3573091148e+01 -6.9194610463e+01 1.4489138478e+02 1.8662432142e+01
-9.4802084337e+01 3.7283219495e+00 2.5408702630e+00 1.6463748164e+01 4.6389899916e+01 -2.7703804906e+01
-1.3020202517e+02 1.4634939566e+02 1.0148059217e+01 9.2577007255e+01 4.1949579127e+01 1.4247699276e+01
-1.3621060224e+01 -3.1806931845e+01 2.7936050227e+01 -1.3659038126e+01 1.1651296070e+01 -2.5424424405e+01
-1.8999188409e+01 -1.6744118998e+01 7.6321783356e+00 -5.3643474070e+00 1.1988695841e+01 9.5729578438e+00
1.1538599333e+02 -1.5655772970e+02 6.7498396346e+00 -9.5342281896e+01 -3.3041300451e+01 2.9014863252e+01
-1.0090164228e+02 -5.9560814811e+01 -5.0309716339e+00 -1.3958028048e+01 5.9170706486e+01 6.2579558767e+00
1.1493544205e+02 1.1135448664e+02 2.4912521042e+01 3.7458736961e+01 -7.4103845312e+01 -2.7512579588e+00
-1.6184264817e+00 -6.4266827960e+01 4.0079037644e+00 -3.1582872034e+01 1.0703110598e+01 -2.6256222569e+01
3.9627834526e+01 -4.9541938541e+01 -1.4435736062e+01 -3.0647126582e+01 -1.1996772357e+01 7.0378091810e+00
1.2892986695e+02 1.2607595817e+02 -3.3222754816e+00 4.2592435166e+01 -8.3308761533e+01 -1.2040353835e+01
1.3302228537e+02 -1.0177717575e+02 -5.2151208793e+01 -7.0920533963e+01 -5.0220730912e+01 1.5420217631e+01
4.1738320005e+01 -3.2420179143e+01 1.1227931259e+01 -2.2493080710e+01 -1.5684391413e+01 7.9486518375e-01
1.1022292745e+02 1.7207420783e+01 4.9351318382e+01 -8.4627925782e+00 -5.7257422649e+01 1.4797728560e+01
1.8855704039e+02 6.8167504084e+01 -1.5638276516e+01 4.7097562508e+00 -1.0392854027e+02 1.2305675912e+01
2.3479400658e+01 4.1875519498e+01 5.2959447116e+00 1.7127677453e+01 -1.8092671273e+01 2.3561874940e+01
-2.0570109965e+02 1.9166422304e+02 9.7904644367e+00 1.2665459577e+02 7.2373550313e+01 1.9988301688e+01
2.2476476056e+02 9.8938036716e+01 8.1219891284e+01 1.4372546028e+01 -1.2659901597e+02 9.8723485421e+00
-3.5064970216e+01 1.5031421376e+01 1.1851688546e+01 1.2848506088e+01 1.5055777424e+01 -3.7885647621e+01
1.2717852087e+02 1.7478651376e+02 -1.9779448758e+01 6.6990320361e+01 -8.9940009766e+01 -2.4682573091e+00
1.9806082294e+01 6.1143410009e+01 7.7190244637e+00 2.7240082450e+01 -1.9233137019e+01 1.0371467432e+01
5.0520183033e+01 3.3601739254e+01 -2.1767611772e+01 8.8613927348e+00 -3.0203452666e+01 -2.1453013891e+01
7.8547400980e+01 4.1997739432e+01 3.9212384021e+00 8.7054170012e+00 -4.5386448674e+01 1.9400479478e+01
3.1916994793e+02 -2.7587854468e+00 -5.0960135294e+01 -5.0553089191e+01 -1.5769569244e+02 -1.0710054012e+01
3.7397374933e+01 -1.1107545447e+02 9.7281355933e+01 -6.0790912034e+01 -1.3995995528e+00 2.5099943525e+01
-1.3718896727e+02 -1.8320969172e+01 3.3970243042e+01 1.2067438845e+01 7.0786616001e+01 -7.6869568088e+00
1.1107150356e+02 -4.0508189174e+01 2.2754258295e+01 -3.7181028413e+01 -4.8786471814e+01 1.9604324927e+01
6.8069867993e+01 2.7461695369e+01 1.4772118106e+01 3.1117694317e+00 -3.7953435479e+01 -1.3659175968e+01
7.4423371425e+01 -2.9339746305e+02 -2.7210392203e+01 -1.5682915243e+02 8.3482628962e+00 1.5057551001e+01
1.0723327252e+02 -1.5870390985e+02 5.4437261932e+00 -9.5145108993e+01 -2.8666707293e+01 -9.9984210288e+00
-7.7326390946e+01 -5.8807650610e+01 -8.9979052856e-01 -1.7212080383e+01 4.7369084131e+01 -1.2535210758e+01
7.4376649363e+01 -2.1439917051e+02 3.3031864626e+01 -1.1767965700e+02 -3.8090058876e+00 -1.3887696796e+00
-2.3767894093e+02 2.5987913509e+02 5.5636728306e+01 1.6537922502e+02 7.7695227103e+01 7.7569329684e-01
-6.5845211211e+01 -4.3574501802e+01 1.0471185593e+01 -1.1436576364e+01 3.9335128771e+01 9.6861386184e+00
1.1352273480e+02 1.2401022063e+02 -1.2172440328e+01 4.3939002252e+01 -7.5351420423e+01 -2.6740899005e+01
1.5449111347e+01 -5.5776952942e+01 -3.3934455332e+01 -3.0011715492e+01 9.4549780769e-01 -2.0539521771e+01
-5.0932936974e+01 5.4953725742e+00 -6.7048313076e-01 1.0566700669e+01 2.4386824950e+01 -4.4751848777e+00
-1.2705064516e+02 2.0686177988e+01 -1.3247724525e+01 2.9829533624e+01 5.9755776468e+01 -8.6420220386e+00
2.1436292966e+02 -2.9229136716e+01 1.1027694534e+01 -4.7517938088e+01 -1.0169578006e+02 -7.9163995139e+00
-9.2599266755e+00 9.3469360398e+01 2.9584715618e+01 4.7735779288e+01 -9.8155287936e+00 3.0358702424e+01
2.2020860216e+02 -2.3144863598e+02 3.2825341292e+01 -1.4860101790e+02 -7.3431844011e+01 -1.9168280318e+01
-5.1170948554e+01 3.0819035429e+01 6.3500481109e+00 2.3150836502e+01 2.0603720529e+01 -1.5395084571e+01
-7.6649179149e+01 1.3009773783e+02 -7.1346789488e+00 7.6266953949e+01 1.7924781779e+01 -2.4056786770e+01
6.9676277322e+00 1.0584937819e+02 1.9475524427e+01 5.1367060634e+01 -1.9767510870e+01 -4.8225109292e+00
1.1789398372e+02 9.8497817912e+00 -2.4719852197e+01 -1.3284480834e+01 -5.9925640901e+01 -1.0710862219e+01
-3.8450979481e+01 -3.2021223520e+01 -3.6487101957e+01 -9.9397834746e+00 2.3986984690e+01 6.1353108815e+00
-6.7372340002e+00 1.7971149236e+01 1.0323692488e+01 9.9431678483e+00 5.6756746630e-01 -7.6303609249e+00
4.0483490128e+01 1.3533646839e+02 6.6534721750e+00 6.0804778780e+01 -4.0913031063e+01 -4.6701970548e+00
1.3471459340e+02 1.5746382710e+01 5.4970142820e+01 -1.2959331040e+01 -6.9167013233e+01 1.4568068477e+01
4.3110988853e+01 -1.7507817540e+02 -3.5113601770e+01 -9.3384116101e+01 5.6241970229e+00 -5.0539744869e+00
-6.0636038958e+01 -2.4059492145e+02 2.3872476077e+01 -1.0984991590e+02 6.7113083343e+01 4.6615313010e+00
-1.1084329606e+02 1.3323078689e+01 -8.7457851945e+00 2.3680053599e+01 5.2863431374e+01 -1.1985469340e+01
-7.2816154647e+01 2.7115415047e+02 -3.5812874832e+01 1.4555271731e+02 -5.7170618369e+00 -2.4399813752e+01
1.0369905692e+01 -9.9358088545e+01 -6.0732631966e+00 -5.0823151035e+01 1.0173754885e+01 -1.8240926934e+00
1.4143302642e+02 5.6978572832e+01 -2.7156062092e+01 6.4338379361e+00 -7.8850370050e+01 -9.2729120279e-01