7.1070946776e+04 -1.3778407594e+05 -2.5003025789e+03 1.8860950512e+02 -3.6844210597e+02 -6.4402696846e+00
-1.2563697395e+05 -1.2320443899e+04 3.2848276066e+03 -4.0941335700e+02 -3.8516160880e+01 1.0655879260e+01
-1.1135864864e+05 -7.4652893079e+03 2.5623987125e+03 -4.1370012571e+02 -2.5907284651e+01 9.4646694207e+00
-3.0706178544e+03 -9.5900057829e+04 -3.8157413561e+03 -1.5394290927e+01 -4.1458764972e+02 -1.6601845309e+01
-7.6668894749e+04 -1.5372940966e+04 5.6635125620e+03 -3.9766387211e+02 -7.7149205790e+01 2.8863570017e+01
6.8598384415e+04 9.3522399507e+04 -2.6014255684e+03 2.4041801584e+02 3.2499748609e+02 -8.6595415833e+00
-1.1817310824e+05 5.4682418697e+04 1.1002949083e+03 -3.7327221411e+02 1.7442418293e+02 3.6358590378e+00
1.7875065580e+04 6.5749834995e+04 2.8006251291e+03 1.1182406546e+02 3.9994428543e+02 1.7147564909e+01
-8.1335849119e+04 -1.1052444793e+05 -5.9863732767e+03 -2.4067205416e+02 -3.2470163482e+02 -1.7986349982e+01
-6.2526169393e+04 -2.0002794035e+04 -3.8216194304e+03 -3.8882324710e+02 -1.2127344153e+02 -2.3122392144e+01
-4.1998250160e+02 1.0510443405e+05 -2.5415641970e+03 3.0417703593e-01 4.1304828483e+02 -9.9884953800e+00
-2.4855965082e+04 -4.1954424225e+04 -1.4375875399e+01 -2.1043494701e+02 -3.4724589204e+02 6.7196263563e-01
2.7922767862e+04 7.7492123087e+04 9.0535961000e+03 1.4254858872e+02 3.8835012831e+02 4.5724003072e+01
-8.4691413353e+04 -2.7418418491e+04 1.1515258010e+03 -3.7117443857e+02 -1.1811674648e+02 5.8474681902e+00
8.6282088395e+04 -7.8606920970e+03 -4.0640199994e+03 4.0872908166e+02 -3.9478032579e+01 -1.8827695204e+01
4.7207181006e+03 -9.5073547906e+04 1.5548680263e+04 1.8292404354e+01 -4.1139346477e+02 6.7526493176e+01
4.8327792750e+04 -8.2194902786e+04 9.7105424822e+02 2.0208118325e+02 -3.4764436075e+02 4.6268398963e+00
1.1441301193e+05 9.0490882992e+04 2.3548471285e+03 3.0880209497e+02 2.4263056974e+02 5.8987571124e+00
1.3613208679e+04 8.0521255274e+03 8.4417039041e+02 3.5919786051e+02 1.9819766570e+02 2.4580468609e+01
1.1473282979e+05 1.6640196840e+04 6.1301888192e+03 4.0885986015e+02 5.7511290390e+01 2.1865884298e+01
6.5326136647e+04 -5.3473260803e+04 -7.4467860933e+02 3.1747729376e+02 -2.6300973249e+02 -3.5123844936e+00
8.6892907578e+03 1.1090313392e+05 3.7072161371e+03 3.3771448412e+01 4.0770966140e+02 1.3857890299e+01
7.3022667680e+04 8.2394812969e+04 5.1697458183e+03 2.7567811791e+02 3.0825585571e+02 1.9420946481e+01
1.1495639268e+05 3.9044121130e+04 -2.1520372356e+02 3.8913545590e+02 1.3050339142e+02 -3.9479725609e-01
-2.1259004548e+04 -7.3154467698e+04 8.5551314717e+02 -1.1784614723e+02 -3.9592622573e+02 4.4877684959e+00
1.6414554558e+04 -8.2737054110e+03 -3.0617190102e+02 3.6556029248e+02 -1.9659983509e+02 -6.3298405815e+00
5.7044004896e+04 3.4331508337e+04 -2.1227885492e+03 3.5582428290e+02 2.1056451631e+02 -1.3272063426e+01
-1.3679857237e+05 -8.8997945485e+04 1.8021221548e+03 -3.5493041518e+02 -2.2940104423e+02 4.5388887169e+00
-7.8001309764e+04 -1.9698244132e+04 -3.4499085759e+03 -3.9785036856e+02 -9.7986618436e+01 -1.8095335643e+01
-9.7185956644e+04 -6.2019025754e+03 2.7878357066e+03 -4.1010579986e+02 -2.4103195652e+01 1.2050218120e+01
-1.2498265182e+05 6.1696734226e+04 -1.4986688147e+04 -3.6773218832e+02 1.8315749352e+02 -4.4216377431e+01
-3.7709662312e+04 6.3494328732e+04 2.9979266145e+02 -2.0880834228e+02 3.5701804110e+02 1.6706311592e+00
7.0366176624e+04 -7.4428044463e+04 1.6610391159e+04 2.8162740720e+02 -3.0079859224e+02 6.6960575726e+01
-1.3343652764e+04 5.5473771573e+04 4.5171007179e+03 -9.3417513557e+01 4.0367164657e+02 3.2936878868e+01
-2.9886381859e+04 -8.3321435347e+04 -3.1857647317e+03 -1.4192894692e+02 -3.8896314582e+02 -1.5147428669e+01
4.3820196745e+03 -7.4273584680e+03 -6.7304400370e+02 1.8966357214e+02 -3.6805949477e+02 -3.3379048662e+01
1.4609861895e+04 9.4362289768e+04 -8.1456637834e+03 6.5317723560e+01 4.0789088341e+02 -3.5143359847e+01
1.2664731761e+04 -2.3343279069e+04 -2.0237899733e+03 1.8967857827e+02 -3.6582333345e+02 -3.1770968070e+01
5.1136997733e+03 9.8465072301e+03 5.6656636255e+01 2.0741209234e+02 3.5957262072e+02 1.6751895339e+00
-3.0527983867e+02 -1.8754695498e+02 1.5716177728e+00 -1.5221595080e+02 2.5291276169e+02 6.6662772356e+00
1.0693665282e+05 1.2101749677e+03 -6.4592161853e+03 4.1076765379e+02 2.7520020794e+00 -2.4625150778e+01
5.1228358732e+03 9.8539001004e+03 -1.5623790139e+02 2.0738867450e+02 3.5941471872e+02 -4.6984582213e+00
9.7467591137e+04 6.5194794335e+04 6.7224363227e+02 3.4430910349e+02 2.2823043053e+02 2.2238734414e+00
8.4299768597e+04 -6.2608687229e+04 -8.5191375283e+03 3.2639862221e+02 -2.4479406237e+02 -3.3410016405e+01
5.1148984879e+04 6.4712197126e+04 4.3552106707e+03 2.5885191555e+02 3.2350697280e+02 2.2011191391e+01
1.3862526446e+05 8.3813728038e+04 -3.9262479001e+03 3.6232721455e+02 2.1758516575e+02 -1.0397739006e+01
1.8904464156e+04 -3.6792859893e+04 -2.4824038958e+03 1.8507814031e+02 -3.7091743487e+02 -2.5283260612e+01
3.5644538461e+04 -1.0719755556e+05 1.3748346444e+03 1.2922791146e+02 -3.9428275813e+02 5.2055545116e+00
-2.6000386780e+02 2.4637363559e+02 3.5129197785e+01 2.0492725534e+02 2.1235186375e+02 -2.1465327660e+01
-3.1499397262e+02 1.9181595964e+02 3.9239682140e+00 1.6039372112e+02 2.5806555298e+02 1.0739752675e+01
8.3149104516e+04 -9.2968551157e+04 6.7429199493e+03 2.7204316429e+02 -3.0657010257e+02 2.1946465648e+01
-6.8596299464e+04 3.4336833698e+04 -1.2847279134e+03 -3.7049897758e+02 1.8841862366e+02 -7.0204951264e+00
-5.2773644284e+04 9.3890163414e+04 -1.2529906822e+03 -2.0097022755e+02 3.6139204487e+02 -4.9592129578e+00
-2.5189346124e+03 4.4817212152e+04 -2.8801408710e+03 -1.8688863015e+01 4.1335777362e+02 -2.6851801847e+01
3.4434569986e+04 1.7834368331e+04 -9.3471990397e+02 3.6948669990e+02 1.8542008986e+02 -1.0115297796e+01
-1.0573862141e+05 3.2924847128e+04 -4.1994338402e+03 -3.9261932363e+02 1.2419851415e+02 -1.5558827229e+01
-9.2074294311e+04 6.6403106646e+04 5.0927181416e+03 -3.3350305915e+02 2.4265116451e+02 1.8232786756e+01
-2.6324063345e+04 -3.4368796363e+03 4.9966520966e+02 -4.0969089414e+02 -4.5667983855e+01 7.7419754720e+00
7.3460363396e+03 -7.2769523929e+04 -2.1832005257e+03 3.8412971083e+01 -4.0768419549e+02 -1.2667158977e+01
-1.0273771874e+05 -5.2097698037e+04 6.0941703955e+03 -3.7036985221e+02 -1.8582681344e+02 2.1975582345e+01
1.4051786599e+02 -3.2174489188e+02 -3.0880344354e+00 -2.6612329788e+02 -1.1334744419e+02 2.4458736419e+01
-1.4656910625e+05 -4.2307758847e+04 1.3637669428e+04 -3.9812095479e+02 -1.1351881535e+02 3.6978942498e+01
-1.2251474354e+05 -4.9138658245e+04 -5.0996647652e+03 -3.7398202111e+02 -1.4852861884e+02 -1.5122550914e+01
2.1390760168e+03 1.6036264652e+03 -3.6427581239e+01 3.7045215348e+02 1.8467977714e+02 4.2056418396e+00
-6.5849330508e+04 1.1099872054e+05 4.6316771172e+03 -2.0898114967e+02 3.5534186878e+02 1.4887885724e+01
-3.3252385891e+04 2.0445341509e+04 -9.7891695962e+02 -3.5116224194e+02 2.2201845277e+02 -1.0289939566e+01
1.1651223671e+04 3.4215620736e+04 7.8170365389e+02 1.3782139062e+02 3.8730483978e+02 9.4692969457e+00
-6.6361432696e+04 6.0933252506e+03 3.3163083200e+03 -4.1169835929e+02 4.0872917024e+01 2.0468878999e+01
-5.6462519984e+04 -1.5714733377e+05 -2.7218396655e+03 -1.4400714318e+02 -3.9730708568e+02 -6.6219887277e+00
5.4964997439e+04 -1.8058586431e+04 4.6955914408e+03 3.8145969500e+02 -1.2875754618e+02 3.1831440636e+01
9.0476471421e+04 -2.6217426782e+02 4.5857148767e+03 4.1228798639e+02 -3.4486140386e+00 2.1086011114e+01
-8.2758043789e+04 3.7424101118e+04 -4.0547919398e+03 -3.7590903780e+02 1.7241892746e+02 -1.8252409916e+01
2.8944169119e+04 1.8221643697e+04 3.6668946931e+01 3.5477343978e+02 2.1637088488e+02 9.8380402936e-02
1.5010845508e+05 -3.0042820704e+04 8.1619319769e+03 4.0694611319e+02 -8.2796449892e+01 2.2294659726e+01
-2.9621869522e+04 -1.1836659472e+05 -4.2133665578e+03 -1.0186098814e+02 -4.0015456636e+02 -1.4230869941e+01
-2.3741184832e+04 -5.3145031747e+04 1.4496697543e+03 -1.7202563848e+02 -3.7649107449e+02 1.0468707465e+01
1.2982702731e+04 1.3355989482e+05 2.9895717997e+03 4.1117305941e+01 4.0750498040e+02 9.2985320964e+00
3.3399794305e+04 1.6984983600e+05 -9.6974684518e+03 8.3852539675e+01 4.2036518312e+02 -2.4283696044e+01
2.6603759935e+04 -2.9893866868e+04 -5.9271227633e+02 2.7109217161e+02 -3.1228511464e+02 -6.3648358951e+00
-4.4164908141e+04 9.6971698828e+04 8.6444360401e+03 -1.6972702046e+02 3.7722964631e+02 3.3773117682e+01
3.5083065630e+03 -1.0375918466e+04 -5.2267568465e+02 1.1419372966e+02 -3.9572161492e+02 -1.8179704172e+01
-3.4731533081e+04 -6.3479520740e+03 4.2338600065e+02 -4.0899428190e+02 -6.8877839597e+01 4.9622731912e+00
-4.3901276828e+04 -7.2063445723e+04 1.7045364216e+03 -2.1648356340e+02 -3.5068631433e+02 8.4594311067e+00
1.2494111997e+05 1.8350425107e+04 1.0269476543e+03 4.0713212520e+02 5.8160670559e+01 3.2651050006e+00
-4.4166279776e+04 -4.8531464489e+04 3.2388434073e+03 -2.7696833792e+02 -2.9976755137e+02 1.9720814243e+01
-1.1533234542e+05 -1.2301273800e+05 3.8626786855e+03 -2.8868602377e+02 -3.0613656717e+02 9.8426299514e+00
-6.9631215820e+03 -4.0702584371e+04 -1.1676589849e+03 -7.4669288266e+01 -4.0725450249e+02 -1.1963536518e+01
3.5375658265e+04 9.2784090587e+04 3.9998799928e+03 1.4922470560e+02 3.8572377901e+02 1.6905710959e+01
-6.3279098455e+04 -2.2602112655e+03 -1.2633058700e+03 -4.1529283659e+02 -1.1629480358e+01 -8.4495509780e+00
-7.6981017203e+04 4.5406042008e+04 -5.7705375027e+03 -3.5445400405e+02 2.1173698195e+02 -2.6618490824e+01
-9.7349119830e+03 2.7247961458e+02 3.7811397889e+02 -4.1102227264e+02 3.2539554117e+01 1.4944056017e+01
1.8056886064e+02 -3.0473070588e+01 1.2375659051e+01 -2.6461781399e+01 -1.4853175292e+02 -6.1581871093e+00
5.6530673690e+03 -9.2230923125e+04 -1.2824905601e+03 2.3207760506e+01 -4.1462064159e+02 -5.7284215766e+00
-8.5898153431e+04 -3.2957572207e+04 -1.0671707889e+04 -3.8679723565e+02 -1.4606214502e+02 -4.8228883689e+01
4.8447334706e+04 1.0042908726e+05 -8.6082134523e+02 1.8147019669e+02 3.7206124758e+02 -2.9833632274e+00
-1.3171929182e+05 -5.8275680272e+04 6.4568352303e+03 -3.7585960249e+02 -1.6474902094e+02 1.8309914827e+01
-7.5686886524e+04 -3.2034180432e+04 -3.3932425805e+03 -3.8136583342e+02 -1.5870217529e+02 -1.7145754213e+01
-9.4348546358e+04 1.1320493146e+05 -2.2041137601e+03 -2.5914401774e+02 3.1302858709e+02 -6.3659635303e+00
-4.2593289024e+03 6.8642417231e+04 7.6358765960e+02 -2.2560624263e+01 4.1185882813e+02 4.5514795540e+00
9.4966887724e+04 4.0023184038e+04 5.9907880356e+03 3.8254261474e+02 1.5906969068e+02 2.4061326804e+01