-3.0563794546e+02 3.0998862289e+01 2.9391568431e+01 -2.1462481521e+02 1.8956195987e+00 -2.0339537471e+01
-2.1305544836e+02 7.4132695217e+01 1.3213214744e+01 -1.5299036745e+02 3.7866121682e+01 7.7447775456e-01
1.5992268074e+02 1.0756284831e+02 6.3592038981e+00 1.0433482131e+02 8.5118428770e+01 9.8024810811e+00
1.4746666230e+02 8.5700975921e+00 1.4825712748e+01 1.0204095486e+02 1.5453019803e+01 1.3093492505e+01
-1.1522386280e+02 -2.3644479485e+01 -6.1743632603e+01 -7.8641720306e+01 -2.3861614720e+01 -3.9666338875e+01
-1.6177694458e+02 1.2049231348e+02 -5.2380356618e+01 -1.2029911284e+02 7.3415826044e+01 -4.1715349483e+01
1.0738562620e+02 1.9474367081e+02 -1.3052026172e+01 6.2181066048e+01 1.4239539560e+02 1.4559388985e+01
-4.1301249698e+01 -1.0134135340e+02 1.9738530325e+01 -2.2211011627e+01 -7.3159516345e+01 7.4012048704e+00
2.4331680451e+02 -1.0217008056e+02 1.8602415453e+01 1.7584695280e+02 -5.5418811804e+01 4.6355053327e+01
1.0306910538e+02 5.1409876510e+01 -5.1127334459e+01 6.8392049571e+01 4.2396303340e+01 -5.0058385506e+01
1.1811957998e+02 1.0468580318e+02 -8.7973599879e+00 7.5439207742e+01 8.0434591009e+01 2.1461138052e+00
7.2265164179e+01 -1.8989294763e+01 4.6233089399e+01 5.1499504361e+01 -8.5599237186e+00 4.7360470468e+01
1.3187112150e+02 3.1520376462e+01 2.4310993585e+01 8.9709660238e+01 3.0415160730e+01 4.0215587466e+01
9.0559317787e+01 -1.1747396797e+02 1.0081859878e+02 7.0556931730e+01 -7.5899570052e+01 5.7723691463e+01
-1.1196697663e+02 -6.8933346865e+01 5.6450717757e+01 -7.3456824435e+01 -5.5164916742e+01 3.5376797141e+01
1.4550197795e+02 2.9179460152e+01 -6.1937957135e+01 9.9345911440e+01 2.9665837340e+01 -4.0521467614e+01
1.5094714462e+02 -1.1620906434e+01 5.7196707776e+01 1.0575998076e+02 1.6312581722e+00 4.7815893730e+01
1.6459042870e+02 -2.3400234576e+02 -2.9823429109e+01 1.2956323914e+02 -1.5220349613e+02 -6.1483518321e+01
2.4032238671e+01 -4.8623288632e+01 4.8408989614e+01 1.9848510064e+01 -3.2280692880e+01 6.1493652753e+01
-1.6460448481e+02 9.2161135291e+01 2.0630082165e+01 -1.2044624265e+02 5.3526977030e+01 6.3451091322e+00
-5.8992198669e+01 -1.1904102541e+02 3.9847100885e-01 -3.3384672340e+01 -8.6610774121e+01 -1.2883097586e+01
5.2657003126e+01 -1.7838719320e+02 1.3811064338e+01 4.8112988392e+01 -1.2071290424e+02 2.7049784128e+01
3.7864229550e+01 -1.7110300207e+02 -1.4618777481e+01 3.7352338590e+01 -1.1660091280e+02 -1.1475873920e+01
1.4622532037e+02 1.3589494158e+02 -4.2692150353e+01 9.2983532000e+01 1.0395534046e+02 -3.3180405514e+01
6.4598090068e+01 -1.0006385757e+02 -2.0268135541e+01 5.1377899623e+01 -6.5458494816e+01 -5.7910010825e+00
-5.0765910797e+01 -2.8010260495e+01 -1.6511248941e+01 -3.3515588442e+01 -2.2752845416e+01 -1.6683342935e+01
-6.0764338167e+01 -9.0888388777e+01 1.4550664627e+01 -3.6428265836e+01 -6.7137890890e+01 -4.2396624154e+00
3.0193771498e+02 8.5095055513e+01 2.2727332339e+01 2.0458031608e+02 7.8636364650e+01 1.1541735722e+01
-1.1681250422e+02 5.7491095328e+01 4.8679846410e+01 -8.4963392258e+01 3.2480259313e+01 4.1816491970e+01
-6.0013745746e+01 -1.2424070968e+02 3.6418789287e+01 -3.3756243834e+01 -9.0301218400e+01 2.2015205208e+01
-5.5963058765e+00 -2.5744469516e+02 3.8417516532e+01 1.2677451581e+01 -1.7946318551e+02 9.2142159802e+00
-9.8333742302e+01 -5.3870176843e+01 -5.7778190836e-01 -6.4945816405e+01 -4.3804200237e+01 1.5381855151e+00
8.6889117285e+01 -1.2911482880e+02 -4.9253363190e+01 6.8760701355e+01 -8.4232598954e+01 -4.2073967625e+01
-4.2227001591e+00 9.3637564626e+01 3.9069273294e+01 -8.9630858771e+00 6.4871257984e+01 -8.9284519622e-01
-2.0290537295e+01 1.4909336752e+02 2.0688859744e+01 -2.3708609850e+01 1.0241342960e+02 2.3757176770e+01
4.1815795213e+01 -1.5225324424e+01 -4.8839905788e+01 3.0072804748e+01 -7.9046379131e+00 -1.2618651295e+00
-1.4049013582e+02 -5.7381606459e+00 4.0294192570e+01 -9.7371799059e+01 -1.3034525390e+01 -1.4792989534e+00
2.9522827499e+01 4.1315936131e+01 -3.2020829871e+01 1.7882008669e+01 3.0647304432e+01 -2.7932280846e+01
3.1091286976e+01 4.8210997371e+01 1.0173340490e+01 1.8529180524e+01 3.5538682860e+01 5.0103092145e+00
1.4288470307e+01 -2.2900094704e+01 3.4531665096e+00 1.1415828950e+01 -1.5013040008e+01 7.5597786267e+00
-7.5658105915e+00 -1.8717321737e+02 -2.6139648006e+01 6.7856254990e+00 -1.3069528404e+02 -2.7322674842e+01
3.4642201842e+01 5.2666865511e+01 -2.6315091451e+01 2.0712676171e+01 3.8864970914e+01 -1.3008111893e+01
-1.7415698924e+02 1.1269857646e+02 -2.2752530829e+01 -1.2840879398e+02 6.7195805368e+01 2.4754563155e+00
-4.2676853869e+01 -1.6080631755e+02 -5.0473765787e+00 -1.9339293494e+01 -1.1461916837e+02 3.8488033870e+01
1.2515819960e+02 -5.9658222724e+00 1.0281100815e+01 8.7456031810e+01 3.9055350560e+00 2.0241577419e+01
-2.7899731239e+02 -1.7195380551e+02 -1.2830182728e+01 -1.8302746451e+02 -1.3758106689e+02 1.6717901622e+01
-9.3254367643e+01 2.0259652462e+01 2.8355314000e+00 -6.6173398957e+01 8.0933323466e+00 -2.9331697978e+01
-9.7621614599e+01 1.7625268925e+02 9.0873898118e+00 -7.9248623268e+01 1.1633690914e+02 1.8021786628e+01
-2.0820205455e+01 -2.8715016119e+01 2.6174344408e+01 -1.2637499318e+01 -2.1315303895e+01 -2.0353735323e+01
-2.2853267599e+01 -1.7559779468e+01 6.8549353799e+00 -1.4765343490e+01 -1.3690079781e+01 1.2317384325e+01
8.4478451366e+01 -1.9090327106e+02 5.6943176835e+00 7.1056847389e+01 -1.2737786691e+02 3.3132660192e+01
-1.1648670813e+02 -3.6928743559e+01 -4.7437931700e+00 -7.8663915806e+01 -3.3183469911e+01 5.4829464723e+00
1.4582010833e+02 8.6871816680e+01 2.2984586449e+01 9.5860742511e+01 6.9818033947e+01 3.4096774809e+00
-1.2010368570e+01 -7.0983607715e+01 4.1601974670e+00 -3.7813751942e+00 -5.0156952563e+01 -2.7388883823e+01
3.3302320812e+01 -6.1057678004e+01 -1.3416103934e+01 2.7100424436e+01 -4.0333197986e+01 3.9156843734e+00
1.6012376041e+02 9.7948645010e+01 -2.8428911160e+00 1.0509687926e+02 7.8441045006e+01 -1.3882774828e+01
1.1508230567e+02 -1.3812794630e+02 -4.8288397932e+01 8.8952253663e+01 -8.8693018113e+01 3.3179270001e+00
3.5532520052e+01 -4.5029071670e+01 1.0322567359e+01 2.7618365972e+01 -2.9042470003e+01 3.7389812659e+00
1.1731099818e+02 -5.2177278782e+00 4.5169362394e+01 8.1946923503e+01 3.9189878997e+00 2.8668354564e+01
2.0423868695e+02 2.4144954055e+01 -1.4617578079e+01 1.4053266579e+02 2.9930593388e+01 9.3086492960e+00
3.0711522571e+01 3.2878840235e+01 4.4535054222e+00 1.9251782933e+01 2.4843182867e+01 2.6858261888e+01
-1.6969268956e+02 2.4552168123e+02 8.6553316102e+00 -1.3385264957e+02 1.5989156467e+02 2.4143016578e+01
2.5123304277e+02 5.5701126179e+01 7.4596871957e+01 1.7119257182e+02 5.4916374717e+01 3.1508488251e+01
-3.4433266716e+01 2.4466216898e+01 1.1589791540e+01 -2.5531386475e+01 1.4805357706e+01 -3.7964065387e+01
1.6918109950e+02 1.5623507799e+02 -1.8165399979e+01 1.0764222916e+02 1.1957980372e+02 -7.7425676441e+00
3.5319037364e+01 6.0048214352e+01 6.9205832913e+00 2.0707808686e+01 4.4049723158e+01 1.3203858078e+01
6.1199623650e+01 2.6247340844e+01 -1.9655651749e+01 4.0886726054e+01 2.2201275598e+01 -2.8799047625e+01
9.3229561466e+01 2.4387831100e+01 3.2624575818e+00 6.3293632753e+01 2.2965729240e+01 2.2002025964e+01
3.3114210667e+02 -7.1886129751e+01 -4.6723724702e+01 2.3499937445e+02 -2.8701571646e+01 -2.4656847538e+01
1.9297826143e+01 -1.1635338836e+02 8.9110784713e+01 2.0911290994e+01 -7.9695164462e+01 5.2106924142e+01
-1.4580523817e+02 8.3497221370e+00 3.1411851552e+01 -1.0197079624e+02 -3.5751670097e+00 3.9019191833e-01
1.0858030511e+02 -6.9908505017e+01 2.0597111202e+01 8.0041645200e+01 -4.1649531054e+01 2.7051222183e+01
7.4964426859e+01 1.6016016515e+01 1.3844412129e+01 5.1118578338e+01 1.5966834851e+01 -1.0995582735e+01
1.0237689637e+01 -3.1523519989e+02 -2.5320553955e+01 2.7400483444e+01 -2.1864609603e+02 9.3199730130e+00
8.0504079060e+01 -1.8941521302e+02 5.1908002712e+00 6.8198917401e+01 -1.2659310754e+02 -9.4253345165e+00
-8.9933867007e+01 -4.8143805395e+01 -6.0380525561e-01 -5.9462942984e+01 -3.9281491860e+01 -1.3797247836e+01
2.8809270141e+01 -2.3995939640e+02 3.0435115296e+01 3.5482878350e+01 -1.6508677565e+02 6.9659756039e+00
1.4514605256e+04 -4.1388590631e+03 -6.1696064942e+02 2.8838286391e+02 -9.2420469411e+01 -1.1261059983e+01
-7.5461834102e+01 -3.2926474919e+01 9.4665923815e+00 -5.0376086432e+01 -2.7762580418e+01 1.3167767358e+01
1.4292782641e+02 1.0542486902e+02 -1.0727283265e+01 9.2647461808e+01 8.2540428213e+01 -3.2061899621e+01
6.7118703824e+00 -5.9392655108e+01 -3.0873218763e+01 8.4922471896e+00 -4.0883572705e+01 -3.0929842436e+01
-5.5002397313e+01 1.9376380204e+01 -5.3709489250e-01 -3.9516386967e+01 9.9404631623e+00 -5.0152874360e+00
-1.2568180072e+02 4.9040138643e+01 -1.2041472275e+01 -9.0590230339e+01 2.6030671481e+01 -1.2749619631e+01
2.1371357787e+02 -7.7203620635e+01 1.0294287555e+01 1.5364527098e+02 -3.9959918114e+01 -5.7403455472e+00
1.3210073606e+01 9.8927273154e+01 2.6692790036e+01 2.8265310414e+00 6.9674876489e+01 4.0441675594e+01
1.7454427684e+02 -2.9118251864e+02 3.0563508048e+01 1.4016564660e+02 -1.9134749654e+02 -1.2329303396e+01
-4.7824964336e+01 4.6148276846e+01 6.1218731940e+00 -3.6244519083e+01 2.9029134524e+01 -1.5033640248e+01
-4.9221692263e+01 1.5127297372e+02 -6.1374389348e+00 -4.3975368854e+01 1.0207345701e+02 -2.7865324080e+01
2.9942084502e+01 1.0522514445e+02 1.8016213311e+01 1.4061469073e+01 7.5128335211e+01 -2.2597502177e-01
1.2706261928e+02 -1.8074192819e+01 -2.2566031361e+01 8.9563828502e+01 -4.3981963597e+00 -1.7930002094e+01
-4.6789666931e+01 -2.1955577182e+01 -3.3701157542e+01 -3.1140537773e+01 -1.8282671551e+01 -2.7147952432e+00
-2.0784262579e+00 1.8921708939e+01 9.6410353536e+00 -2.6618040989e+00 1.3029695779e+01 -5.6112713775e+00
6.8240951530e+01 1.3297168495e+02 6.2090760716e+00 3.8914606216e+01 9.6897529355e+01 -3.3485627026e+00
1.4312545291e+02 -1.3625235717e+01 5.0346353799e+01 1.0044863710e+02 -2.6974524196e-01 2.9860403907e+01
4.1317912747e+00 -1.8863365616e+02 -3.2236208265e+01 1.5008799694e+01 -1.3096516220e+02 -1.4472534260e+01
-1.1718230606e+02 -2.3978424144e+02 2.1894284166e+01 -6.6092496838e+01 -1.7436106550e+02 1.1165701554e+01
-1.1247335492e+02 4.1209288461e+01 -7.8369381231e+00 -8.0901439281e+01 2.1434091115e+01 -1.5213902958e+01
-2.0272292232e+01 2.9519529034e+02 -3.2533396104e+01 -3.3100253252e+01 2.0405659205e+02 -3.5589347964e+01
-1.2310845529e+01 -1.0524756180e+02 -5.5585692985e+00 -1.7933972087e+00 -7.4013217356e+01 -3.5312887488e+00
1.5986440251e+02 2.6553588241e+01 -2.4984162828e+01 1.0950989637e+02 2.8759144680e+01 -7.9661003613e+00