-3.3096832864e+02 -2.9188935174e+01 3.1083895733e+01 -1.0390281904e+02 1.5512653214e+02 -2.0715921691e+01
-2.4321920305e+02 3.3784714238e+01 1.4329750900e+01 -4.9146568170e+01 1.2894248148e+02 -1.7407433396e-01
1.4894728681e+02 1.4894672046e+02 7.2347806715e+00 1.1365449151e+02 -3.3080170141e+01 8.6050076672e+00
1.5427226188e+02 3.9217873657e+01 1.6516960973e+01 6.1048266930e+01 -6.5380112194e+01 1.1068621474e+01
-1.1690144223e+02 -5.0840711110e+01 -6.8253961944e+01 -5.6665756510e+01 4.3832277839e+01 -3.2401400611e+01
-1.9792963680e+02 9.4829900081e+01 -5.8192651090e+01 -6.8271726258e+00 1.2314471311e+02 -3.4918454612e+01
7.0457744076e+01 2.2913580054e+02 -1.3605303900e+01 1.3192860726e+02 2.7276828742e+01 1.4292227578e+01
-2.3436647783e+01 -1.1649434557e+02 2.1630426612e+01 -6.3720019729e+01 -1.9966429620e+01 5.4935598037e+00
2.7994364268e+02 -5.9987939876e+01 2.1797846408e+01 4.6174217989e+01 -1.5411461109e+02 4.1462870878e+01
1.0140741385e+02 7.5759343259e+01 -5.7135618870e+01 6.4742588929e+01 -2.9458258343e+01 -4.2690103606e+01
1.0245480726e+02 1.3387611162e+02 -9.4452810595e+00 9.3657865730e+01 -1.4249262628e+01 2.5685075249e+00
7.9132316111e+01 -4.6799244354e+00 5.1741326448e+01 1.9102633351e+01 -4.0243932441e+01 4.0532989188e+01
1.3536498524e+02 5.9494806244e+01 2.7756603775e+01 6.5917300608e+01 -5.0581958052e+01 3.5422307618e+01
1.2287200226e+02 -1.0661246994e+02 1.1119633280e+02 -1.9281447656e+01 -8.9361171246e+01 4.6414714133e+01
-1.0488246592e+02 -9.4370932782e+01 6.2371063126e+01 -7.4852934643e+01 2.6131415255e+01 2.8804507865e+01
1.4850971619e+02 5.9519343464e+01 -6.8494969383e+01 6.9487796137e+01 -5.7048567059e+01 -3.3176280968e+01
1.6266988600e+02 1.7569666047e+01 6.3624672613e+01 5.2655302269e+01 -7.5371021591e+01 4.0216064011e+01
2.2340571883e+02 -2.1407117210e+02 -3.4486071958e+01 -4.5013897247e+01 -1.6794842899e+02 -5.4648735975e+01
3.5440294520e+01 -4.6462530146e+01 5.4603430986e+01 -1.3299068769e+01 -3.0024920551e+01 5.3409450513e+01
-1.9430604713e+02 6.1919892268e+01 2.2557562830e+01 -2.2059727388e+01 1.1246107012e+02 4.4605519295e+00
-3.6288325620e+01 -1.4062998627e+02 -3.0770695268e-02 -7.9089301289e+01 -2.0163132372e+01 -1.1897556716e+01
9.2278442915e+01 -1.7929372594e+02 1.5919273779e+01 -6.3352530933e+01 -9.3950141700e+01 2.3996440505e+01
7.6296058055e+01 -1.7303220187e+02 -1.6234955618e+01 -6.4592718463e+01 -8.4387231406e+01 -9.5920124178e+00
1.2600291782e+02 1.7272302729e+02 -4.7400023462e+01 1.1916192731e+02 -1.5340205088e+01 -2.7705035738e+01
9.0633547453e+01 -9.2674240012e+01 -2.2145918021e+01 -2.1134195184e+01 -6.9712150943e+01 -3.9743003171e+00
-4.8047393107e+01 -4.0675470450e+01 -1.8470140394e+01 -3.3032359073e+01 1.2664611068e+01 -1.4263154892e+01
-4.4768793361e+01 -1.1146392936e+02 1.5597564436e+01 -6.7015940224e+01 -8.0956369188e+00 -4.8840731452e+00
3.0170601431e+02 1.4989511067e+02 2.5014011036e+01 1.5544450533e+02 -1.0805866038e+02 9.1079464032e+00
-1.3725515345e+02 3.6942825227e+01 5.4190849514e+01 -1.8928113957e+01 7.7600753392e+01 3.5260259014e+01
-3.6594117473e+01 -1.4171194468e+02 4.0209282633e+01 -7.9702156966e+01 -2.0312604318e+01 1.7838619676e+01
4.5490900186e+01 -2.7361136008e+02 4.1913572947e+01 -1.2246318167e+02 -9.6418898275e+01 5.9092103743e+00
-9.2516689350e+01 -7.8557233004e+01 -5.7022088555e-01 -6.3721864095e+01 2.4322395764e+01 1.4561367995e+00
1.1712733356e+02 -1.1848439161e+02 -5.4820858436e+01 -2.6675519084e+01 -8.9742775496e+01 -3.5458972820e+01
-2.3969189131e+01 9.8767991623e+01 4.2256526067e+01 4.2166492222e+01 3.8522564475e+01 -3.4474580357e+00
-5.2142727481e+01 1.5671619200e+02 2.3245698654e+01 6.3089572155e+01 6.8070644979e+01 2.0500488152e+01
4.7468886609e+01 -5.4029319968e+00 -5.2909533261e+01 1.0180071007e+01 -2.4846455794e+01 2.1184727778e+00
-1.4626422839e+02 -3.5014877248e+01 4.3561343478e+01 -5.6813918625e+01 6.2572334825e+01 -4.0701232824e+00
2.0854418961e+01 4.8467261268e+01 -3.5661161472e+01 2.9516819758e+01 2.8414897748e+00 -2.3586216818e+01
2.2867816519e+01 5.9115562141e+01 1.1191319174e+01 3.5305035445e+01 4.7243171451e+00 3.9331457344e+00
1.9338171340e+01 -2.0421838335e+01 4.0088496275e+00 -4.8267975233e+00 -1.5050622320e+01 6.7337640655e+00
2.6844999038e+01 -2.0268300973e+02 -2.9273510405e+01 -9.2568265705e+01 -6.8042304577e+01 -2.3419623865e+01
2.6320045837e+01 6.5580865049e+01 -2.8949992785e+01 3.9422957583e+01 4.7707816140e+00 -1.0218065131e+01
-2.0986720941e+02 8.4991385407e+01 -2.4538534141e+01 -1.4901215884e+01 1.2636204685e+02 3.8095140153e+00
-1.3164258233e+01 -1.7862675149e+02 -4.0828339615e+00 -9.1544133980e+01 -4.1834714333e+01 3.5802866814e+01
1.3362653709e+02 1.8731230079e+01 1.1854255601e+01 4.5372355288e+01 -6.0751602461e+01 1.7960351738e+01
-2.6280367525e+02 -2.3942795850e+02 -1.3287761813e+01 -1.8901785145e+02 6.4683356208e+01 1.6266227456e+01
-1.0653300147e+02 4.0703331470e+00 2.0171429448e+00 -2.6805611469e+01 5.3574225876e+01 -2.7217408277e+01
-1.4438926289e+02 1.6873114383e+02 1.0482567008e+01 4.4062272446e+01 1.1676178585e+02 1.5995181188e+01
-1.6130035296e+01 -3.5693313453e+01 2.7601065842e+01 -2.1944957374e+01 -1.7083785840e+00 -2.0512862918e+01
-2.1537963283e+01 -2.0943935768e+01 7.8615615365e+00 -1.6139550489e+01 4.9400982665e+00 1.0888993688e+01
1.2983550620e+02 -1.8333962571e+02 7.3518870726e+00 -5.5186931072e+01 -1.1354881309e+02 3.0146647277e+01
-1.1652031212e+02 -6.5409381879e+01 -4.9380221551e+00 -6.3737128183e+01 3.9704604059e+01 5.3708143686e+00
1.3515371563e+02 1.2460587999e+02 2.5000791829e+01 9.7939214130e+01 -3.2869393253e+01 1.5975953972e+00
-7.9630641626e-01 -7.5744310029e+01 3.5206429282e+00 -3.7519004159e+01 -2.0098455949e+01 -2.5516248339e+01
4.6235654227e+01 -5.7808091980e+01 -1.4381136920e+01 -1.5964789703e+01 -3.8410387899e+01 4.5093296528e+00
1.4993315098e+02 1.4051115737e+02 -3.5750736330e+00 1.0976893300e+02 -3.5849783318e+01 -1.2600919970e+01
1.5114730017e+02 -1.2075022847e+02 -5.2148319152e+01 -1.8592179698e+01 -1.0711627100e+02 6.3013483623e+00
4.7281968843e+01 -3.9038527795e+01 1.1307243760e+01 -6.4391161454e+00 -3.3851748349e+01 2.7516890971e+00
1.2646834819e+02 1.8432307019e+01 4.9919522959e+01 4.3286946326e+01 -5.7308101583e+01 2.3381101620e+01
2.1517015765e+02 7.2324302079e+01 -1.5488183200e+01 9.3824222901e+01 -8.6430947407e+01 9.5592512387e+00
2.6722474191e+01 4.4974295872e+01 5.7837903493e+00 2.9381529863e+01 -1.0036794239e+00 2.4448631219e+01
-2.3255131656e+02 2.2445219613e+02 1.0234456449e+01 4.7655179727e+01 1.7526324223e+02 2.1664451897e+01
2.5799063088e+02 1.1085504940e+02 8.1873701804e+01 1.2438454230e+02 -9.7092495190e+01 2.4021054702e+01
-4.0768776726e+01 1.8303403036e+01 1.1183131651e+01 -2.0138560203e+00 2.5032817744e+01 -3.5759605531e+01
1.4827090352e+02 1.9999742459e+02 -1.9939915196e+01 1.3861683987e+02 -1.8933580981e+01 -5.9137861786e+00
2.4329237664e+01 7.0483886404e+01 7.9644137527e+00 4.1299910583e+01 7.0832360436e+00 1.1701400883e+01
5.9088009137e+01 3.9050558020e+01 -2.2308190899e+01 3.5218140456e+01 -1.8539066974e+01 -2.5215598946e+01
9.2275576391e+01 4.6235741595e+01 4.3204235309e+00 4.7737682987e+01 -3.2946103198e+01 2.0053999744e+01
3.6691876868e+02 -7.8802207303e+00 -5.1458083563e+01 9.5368146319e+01 -1.8286355116e+02 -1.9580379653e+01
4.2932223433e+01 -1.2454881662e+02 9.8322348968e+01 -4.9735353685e+01 -5.4828099588e+01 4.2025853462e+01
-1.5748258877e+02 -2.0058038890e+01 3.4014157442e+01 -5.2476335763e+01 7.2143436376e+01 -1.7507933430e+00
1.2827330499e+02 -4.9859203670e+01 2.3264536950e+01 1.0141935052e+01 -7.6672252596e+01 2.3541862281e+01
7.7694701957e+01 3.1477563933e+01 1.4590804114e+01 3.6518159134e+01 -2.9754224455e+01 -1.1061687851e+01
7.9085526075e+01 -3.3595423308e+02 -2.7072669417e+01 -1.4409391943e+02 -1.2982550747e+02 1.0288737360e+01
1.2262796980e+02 -1.8440382961e+02 5.2804614623e+00 -5.7657279818e+01 -1.1028218597e+02 -9.0334536545e+00
-8.8012817678e+01 -6.8006656338e+01 -1.1484213443e+00 -5.7300099268e+01 2.4954994405e+01 -1.2672540689e+01
8.1419691163e+01 -2.4824104393e+02 3.3192791186e+01 -1.0025305321e+02 -1.0725460726e+02 4.3739065829e+00
-2.6865908019e+02 2.9999113980e+02 5.5968292380e+01 7.5098087335e+01 2.1347456936e+02 1.0477104017e+01
-7.5079740902e+01 -4.9836814856e+01 1.0718917458e+01 -4.4853540619e+01 2.3500727125e+01 1.1497098913e+01
1.3138425787e+02 1.4127582022e+02 -1.2761160167e+01 1.0512431507e+02 -2.6501117105e+01 -2.8821896546e+01
1.8079979206e+01 -6.3252967779e+01 -3.4526501065e+01 -2.6264317647e+01 -2.6012092965e+01 -2.6425339280e+01
-6.0203987338e+01 8.0825058722e+00 -7.6123334852e-01 -1.2307974225e+01 3.1841468891e+01 -4.5851194106e+00
-1.4487852262e+02 2.5826715102e+01 -1.3490967737e+01 -2.6465862235e+01 7.8349373414e+01 -1.0938821099e+01
2.4475663801e+02 -3.7190361486e+01 1.0936640673e+01 4.7884461332e+01 -1.3062063081e+02 -5.9808837108e+00
-8.0149480165e+00 1.0768577489e+02 3.0342767367e+01 5.0876895870e+01 3.3077499496e+01 3.5470615559e+01
2.4796384940e+02 -2.7107847602e+02 3.2639703624e+01 -6.6453577264e+01 -1.9546900075e+02 -1.3413839053e+01
-5.9214487332e+01 3.7531518365e+01 6.0871020958e+00 2.4668266989e+00 3.9321240456e+01 -1.4263629065e+01
-8.5078320356e+01 1.5062984528e+02 -7.6425987014e+00 5.1184338425e+01 8.2652085301e+01 -2.5263431015e+01
9.7221949281e+00 1.2003275786e+02 1.9492629600e+01 6.1755466420e+01 2.7676385968e+01 -1.4185920758e+00
1.3702616144e+02 8.4313448272e+00 -2.5068545615e+01 4.1221478633e+01 -6.5215193754e+01 -1.5005080562e+01
-4.4852654801e+01 -3.4821492530e+01 -3.6575476446e+01 -2.9285781394e+01 1.2676638348e+01 -2.3734915887e-01
-6.9032754320e+00 2.0264576575e+01 1.0234190499e+01 8.1159078285e+00 8.8812342208e+00 -5.8180646758e+00
4.7001910518e+01 1.5527729864e+02 6.6005966733e+00 8.9194893975e+01 1.8849509019e+01 -3.5025847061e+00
1.5503933740e+02 1.5689423613e+01 5.5565849222e+01 4.9665622356e+01 -7.2124239068e+01 2.4131680687e+01
4.5461609396e+01 -2.0087900076e+02 -3.5411528930e+01 -8.6653071206e+01 -7.6728696091e+01 -1.1169622882e+01
-7.4063324996e+01 -2.7721258141e+02 2.4098833234e+01 -1.5657992219e+02 -3.8507101525e+01 8.8174259753e+00
-1.2755907708e+02 1.8541635181e+01 -9.0283693384e+00 -2.5372964815e+01 6.7849745696e+01 -1.3491940128e+01
-8.1065512579e+01 3.1147055795e+02 -3.6490597184e+01 1.3149056411e+02 1.2417760904e+02 -3.0607181511e+01
9.6816575917e+00 -1.1437944699e+02 -6.1432468784e+00 -5.3722247431e+01 -3.5708511529e+01 -2.8803734508e+00
1.6385689179e+02 6.2480195546e+01 -2.7328555945e+01 7.5099685430e+01 -6.3811471482e+01 -5.6616532138e+00