-2.9846238085e+01 -5.6341181314e+01 -2.9549911071e+00 8.6990082820e+00 -4.5185144899e+00 -9.2539353770e+00
-8.3996113559e+00 -1.7215652992e+01 1.1374623480e+01 2.6504292578e+00 -1.2666102274e+00 -2.3569851537e+01
-6.1392689549e+01 -5.4438041865e+01 2.8497891917e-01 8.4257028843e+00 -9.3501359040e+00 -2.5028192735e+00
2.7158035667e+01 -6.7767153848e+01 1.9729182272e+01 1.0364518421e+01 4.2439889176e+00 -4.0404596909e+00
1.4097921026e+02 3.4579468968e+00 4.7827335735e+00 -6.9860240466e-01 2.1613684074e+01 -4.1498773127e+01
6.3633340775e+01 -1.8464845952e+01 1.1917028442e+01 2.7590949328e+00 9.7914162070e+00 8.7856993152e+00
3.0793603069e+01 4.1995712475e+01 2.1086281977e+01 -6.4951778362e+00 4.6802964227e+00 -2.4286562505e+01
9.9595244624e+01 3.5987627343e+01 1.4796927152e+01 -5.6465627661e+00 1.5224544322e+01 -1.1155999267e+01
-1.6906844596e+01 1.0015032551e+01 1.9846182808e+01 -1.5218784796e+00 -2.5933944770e+00 -1.5095761314e+01
2.0836157763e+01 -4.1731494062e+01 6.7004840908e+00 6.3684880302e+00 3.2531484583e+00 -7.4406063124e+00
-1.6897499358e+02 -3.3279977465e+01 1.9959743852e+01 5.3196714569e+00 -2.5877622355e+01 -2.1499387408e-01
3.3878983293e+01 -7.2233891712e+00 -1.8660137836e+01 1.0712748356e+00 5.1929769752e+00 -6.6995843884e+00
5.1604166138e+01 3.0266669467e+01 4.6035437704e+00 -4.7102757069e+00 7.8855823523e+00 3.2967824729e+01
5.2846193165e+01 1.2314826493e+02 4.6421478882e+01 -1.8957789647e+01 7.9585349486e+00 5.3794073010e+00
3.1888968582e+01 -5.1308816935e+01 -3.0358800949e+01 7.8335647382e+00 4.9594841641e+00 9.8610251492e+00
1.8118499699e+01 -4.5819598719e+01 3.5429510338e+01 7.0132597407e+00 2.8367418809e+00 1.8973928144e+01
-6.5588935895e+01 3.5843319908e+01 -2.0494351919e+01 -5.4131764453e+00 -1.0102994543e+01 1.9338247373e+01
-1.8963689262e+01 -5.8569256336e+01 -2.6545979109e+01 9.0084600742e+00 -2.8503452461e+00 1.2798168153e+00
-4.4646841713e+01 4.7685302609e+00 1.5435690871e+01 -6.8190402502e-01 -6.8514427342e+00 -1.7666572214e+00
1.4108509200e+00 2.7860956216e+01 4.2896008518e+00 -4.2831769726e+00 1.8151715607e-01 3.1790979597e+01
-2.5736201053e+01 5.2102810955e+01 -2.9294992753e+01 -7.9664132074e+00 -4.0083235664e+00 5.5765964623e+00
8.0363858555e+00 -1.9177261333e+01 -1.0873745255e+01 2.9326718036e+00 1.2486464249e+00 3.2364177522e+01
-1.8569337975e+01 -3.0521561610e+00 5.1061252281e+00 5.0750094873e-01 -2.8443609192e+00 2.3354188556e+01
-1.8511285914e+01 5.5189200874e+01 -1.0312932717e+01 -8.4403820663e+00 -2.9062016095e+00 -2.5561746610e+00
-1.1055813083e+01 1.1031349292e+02 5.2404910956e+00 -1.6911827102e+01 -1.8287384019e+00 -8.4297496499e+00
-1.4886878057e+01 -3.0935131373e+01 3.6279580506e+01 4.7654612809e+00 -2.2397234288e+00 -3.3815102235e+01
1.2602073941e+01 -4.6059589844e+01 2.6562598154e+01 7.0501949555e+00 1.9827085790e+00 -4.0631764521e+01
-1.7857322931e+01 -5.9078881090e+01 9.8184421524e+00 9.0984502934e+00 -2.6675762683e+00 -7.0994929117e+00
6.4168472187e+01 4.7258201596e+01 5.5328297684e+00 -7.3267054158e+00 9.7905633978e+00 -1.6860297801e+01
-2.4232651370e+01 -4.6439304694e+00 1.7043647332e+01 7.4027434968e-01 -3.7113358710e+00 -5.5316368337e+00
8.2432317939e+01 1.1227082806e+02 2.5921175776e+01 -1.7322906018e+01 1.2504186241e+01 1.7877886600e+01
6.5221963165e+01 4.1137198887e+00 -6.8663099944e+00 -7.0889013082e-01 1.0007153313e+01 -2.4927107204e+01
8.8398539770e+01 2.9051872516e+01 3.8673259075e+01 -4.5632517420e+00 1.3535427247e+01 -4.9040259910e+01
3.4802656364e+01 3.3347096581e+01 -4.8552737916e-01 -5.1645503521e+00 5.3016939211e+00 4.2053240907e+01
-6.4369004609e-01 4.1379034998e+01 -3.0239297127e+01 -6.3362788902e+00 -1.4961947184e-01 -2.3921697730e+01
-4.9782688830e+01 8.8172919797e+01 2.5849368479e+01 -1.3483626652e+01 -7.7457772547e+00 -1.2771852141e+01
5.0324828564e+01 1.7805743499e+01 8.9280214972e+00 -2.7794492875e+00 7.7022747253e+00 3.4092171441e+01
2.5634846986e+01 -9.4703349395e+00 -9.0115781367e+00 1.4327598536e+00 3.9514140357e+00 1.4411295623e+01
1.6454276854e+01 -8.9602092940e+01 -1.5392978981e+01 1.3734209630e+01 2.6358748239e+00 -1.0977980559e+01
1.5896805490e+00 9.9695249117e+01 -3.6386412507e+01 -1.5295859077e+01 1.2784671549e-01 4.9036601325e+01
7.0988812735e+01 -2.7336011100e+00 3.5973742360e+01 3.4068394352e-01 1.0891473586e+01 1.2599299776e+00
1.1915014143e+01 -5.1751835004e+01 2.3882430918e+01 7.9161618029e+00 1.8859874332e+00 1.4462450647e+01
-1.1767632368e+02 5.1034748269e+01 3.7772556756e+00 -7.7029759516e+00 -1.8113832661e+01 1.9488837421e+01
-7.7810978352e+00 -2.3953029988e+01 4.5318329310e+00 3.6834786601e+00 -1.1674984574e+00 2.4930044205e+00
-6.0055090197e+01 -3.5402034929e+01 2.4225116114e+01 5.4985873485e+00 -9.1738550005e+00 -2.3244293243e+01
-1.3239425778e+02 3.1002279863e+00 -2.3423465700e+01 -3.2392937491e-01 -2.0314376353e+01 -3.4001072873e+01
-4.1344507554e+00 -9.4325780580e+01 -2.0866305835e+01 1.4471414351e+01 -5.2249279134e-01 -3.2335368867e+00
-1.1616701934e+02 -3.2818261283e+01 -1.6861990158e+01 5.1798705986e+00 -1.7789519758e+01 5.4635442889e+01
6.6649567678e+01 -2.0260420194e+01 -1.6561000736e+01 3.0238978224e+00 1.0257440195e+01 -8.3817391214e+00
-2.6435069836e+00 -5.5380261952e+01 -9.6148181912e+00 8.4982408501e+00 -3.4590105284e-01 1.9587308372e+00
-4.5702267713e+01 2.9335041912e+01 2.1458905201e+01 -4.4517731829e+00 -7.0457485203e+00 -2.2671176237e+01
1.2380959324e+01 9.7576474462e+01 3.9605044514e+00 -1.4994614166e+01 1.7942576529e+00 -2.6964203426e+01
-1.7922859477e+02 -1.0116076458e+01 1.6594350945e+01 1.7746803249e+00 -2.7482869819e+01 -7.8060859413e+00
-2.4511860765e+01 9.1162696007e+01 4.0724814308e+01 -1.3963079633e+01 -3.8660946828e+00 -1.3042266698e+01
4.4663547293e+01 -1.1146974765e+01 7.6533812151e+00 1.6621799728e+00 6.8730621336e+00 -1.6969123330e+01
-5.7452231218e+01 1.4283384002e+02 -3.3640826380e+01 -2.1833096901e+01 -8.9954957936e+00 1.5349783979e+01
-3.2652682048e+01 1.0529931878e+01 3.9737755126e+01 -1.5782963065e+00 -5.0263028173e+00 1.6677369675e+01
-6.9872758757e+01 5.0332318697e+01 3.2352053383e+01 -7.6339148036e+00 -1.0775852549e+01 3.9588382538e+00
5.9853850675e+01 -1.4702819246e+02 2.7049250612e+01 2.2494452556e+01 9.3641477752e+00 -3.6368670748e+00
4.8042167707e+01 -9.0512535527e+00 -2.4640887005e+01 1.3285329296e+00 7.3752331843e+00 2.7961495010e+01
5.8318289641e+01 3.6204904581e+01 1.3674588089e+01 -5.6229173376e+00 8.9017729054e+00 -2.9749793703e+01
-1.5359822367e+01 2.7408240144e+01 5.6554775886e+00 -4.1871860848e+00 -2.3904782078e+00 -6.3397398145e+00
4.6044936032e+01 5.4718151942e+01 4.6980480056e+00 -8.4500122427e+00 6.9994145889e+00 1.5896407769e+01
2.8565227412e+01 4.6516361745e+00 -2.0098795432e+01 -7.5499356357e-01 4.3725255942e+00 4.2128098465e+01
-8.3387110463e+01 3.2774687395e+01 4.1016394521e+01 -4.9367170671e+00 -1.2835579074e+01 9.3318727177e+00
-3.0215022771e+01 2.2832874296e+01 -7.6137341007e+00 -3.4728441451e+00 -4.6714625804e+00 2.7399440678e+01
-2.2564651508e+01 2.5579739656e+01 -2.9775539906e+01 -3.8933122740e+00 -3.4903681575e+00 2.8428913712e+01
4.6461808825e+01 -1.0008039755e+01 9.4931811260e-01 1.4736097084e+00 7.1389696550e+00 1.6284816953e+01
5.1943599314e+01 -3.5619372027e+01 8.9539569483e+00 5.3994644449e+00 8.0134399869e+00 1.5268338268e+01
2.0769117853e+01 -5.3171803073e+01 -1.2643186176e+01 8.1348802521e+00 3.2577742298e+00 7.1174259908e+00
-7.4203393737e+01 -6.0399578862e+01 7.4469220948e+00 9.3556588551e+00 -1.1308786395e+01 4.1627134412e+01
4.2263237634e+00 -1.1251534222e+01 4.0187680900e+01 1.7284532020e+00 6.6892948116e-01 6.8586593093e+00
5.8018864401e+01 -6.6862354472e+01 1.1178906632e+01 1.0193549439e+01 8.9788970770e+00 -2.3496398031e+01
1.2923567986e+02 -2.1336479850e+01 1.3025157605e+01 3.1168202333e+00 1.9860383386e+01 1.8844938947e+01
-1.3061353999e+01 -3.1756818675e+01 1.4500596628e+01 4.8851017852e+00 -1.9710807707e+00 -1.2110998944e+01
-7.4678448912e+00 1.0421695660e+00 4.4068777360e+01 -1.4456047484e-01 -1.1484884699e+00 -3.5981482321e+01
-3.5784868238e+01 2.2355084807e+01 2.9123058616e+00 -3.3887296509e+00 -5.5180771158e+00 -2.6509925029e+01
-5.3865176434e+01 1.6719722893e+01 3.4210264178e+01 -2.5099257859e+00 -8.2845399253e+00 1.3080135231e+01
-5.6169729828e+01 -1.5951778319e+01 3.2373040470e+01 2.5056614994e+00 -8.5955691306e+00 2.3335264081e+00
1.3731468608e+01 -4.5026070380e+01 -1.3729436547e+01 6.8898788979e+00 2.1558918115e+00 -1.4906165307e+01
-1.8122168805e+01 -3.5417271698e+01 3.6885670082e+01 5.4584203800e+00 -2.7487863959e+00 1.8701628666e+01
-3.6983330382e+01 2.1378146802e+01 -8.7149280935e+00 -3.2436112867e+00 -5.6961523069e+00 -9.4054517390e+00
-1.0276701245e+02 6.9940355238e+01 -7.3345725318e+00 -1.0599606839e+01 -1.5857044935e+01 -9.3062039301e+00
5.3646185028e+01 5.9333394893e+01 -1.2755471115e+01 -9.1688633410e+00 8.1663792643e+00 3.6480626874e+01
-6.0510423197e+01 2.9453096877e+01 3.0256755218e+01 -4.4585666179e+00 -9.3080223080e+00 2.9199110164e+01
-1.2518412753e+02 -3.5635030392e+00 2.4813283530e+01 6.9515903207e-01 -1.9201013711e+01 3.1044862629e+00
-4.9844231462e+01 -3.7715436383e+01 -4.2414999550e+01 5.8436434238e+00 -7.6088501041e+00 2.3067901969e+01
2.4624220543e+01 2.4137272594e+01 4.0269886186e+00 -3.7319070618e+00 3.7385438998e+00 2.2651623631e+01
-8.0491188270e+01 -9.2381852973e+01 -1.5507658647e+01 1.4260331544e+01 -1.2245840073e+01 1.0180786330e+01
9.2671954063e-02 3.6274832395e+01 -7.9755701764e+00 -5.5744752900e+00 -2.7119681061e-02 -6.8397875515e+00
1.0039837143e+02 6.6791641162e+00 -2.6009811546e+01 -1.1400880806e+00 1.5401891746e+01 1.5555209570e+01
-3.8499245919e+01 1.8457357559e+01 1.6698197984e+01 -2.7753635096e+00 -5.9369597001e+00 -6.5453061290e+00
7.2160328215e+01 -6.1146387634e+01 1.9706196795e+01 9.2973832242e+00 1.1151902038e+01 -3.1105184115e+01
-3.0210728246e+01 2.6747563528e+01 -1.3828557331e+01 -4.0721296684e+00 -4.6852586096e+00 2.0602386160e+01
5.5816693035e+01 8.8985535237e+00 -4.1384923088e+00 -1.4330313941e+00 8.5475254734e+00 -2.1558868578e+00
-1.4800688532e+02 -1.8175034099e+01 -1.7994624342e+01 2.9780085550e+00 -2.2669348976e+01 4.5424247618e+01
4.0748765498e+01 2.5699132664e+01 2.1469197537e+01 -3.9935514165e+00 6.2237693099e+00 -3.1756611135e+01
5.3775718050e+01 1.6453472126e+00 -1.8734331538e+01 -3.0701433419e-01 8.2415258978e+00 9.1017808048e+00
1.5986975795e+01 7.8949513037e+01 -1.1373691747e+01 -1.2115679507e+01 2.3604409116e+00 2.8639401666e+01
2.2854802387e+00 4.7895151418e+01 2.0496410071e+01 -7.3499409651e+00 2.9974851460e-01 2.3713717755e+01