9.5330602828e+03 1.8930265378e+05 -1.0653041309e+04 2.6037234561e+01 4.9144673964e+02 -2.7803126170e+01
7.7065847200e+04 -1.8089978826e+05 -2.8403870418e+04 1.9586527439e+02 -4.6287614209e+02 -7.2804064646e+01
-1.1680522351e+05 1.4929951027e+05 -1.3697688143e+03 -3.0889421266e+02 3.9689084152e+02 -3.7909446451e+00
3.9288856662e+04 1.5250840396e+05 -4.1739831248e+03 1.2661134092e+02 4.8527915848e+02 -1.3443152608e+01
1.5396310277e+05 -1.2264713231e+05 9.4047225777e+03 3.8200158384e+02 -3.0587799770e+02 2.3533749004e+01
2.5178635096e+04 -2.0126925222e+05 3.8781913198e+03 6.1372124790e+01 -4.9984392146e+02 9.8315855116e+00
-1.4505186834e+05 1.1578947447e+05 2.8713549544e+03 -3.9602064405e+02 3.1781202963e+02 7.8695160124e+00
-1.0379180274e+05 1.6654161297e+05 -8.2747896229e+03 -2.6814412282e+02 4.3258664586e+02 -2.1543832029e+01
-1.3300001822e+05 -4.8837813394e+04 -1.9110850335e+03 -4.6691472547e+02 -1.6959270890e+02 -6.7052561424e+00
-1.9809959634e+05 -9.3046081887e+03 -2.2159428858e+04 -4.6927186372e+02 -2.0898868518e+01 -5.2179310568e+01
-1.3899480393e+05 1.4371369297e+05 7.6429321242e+03 -3.5179554175e+02 3.6547363474e+02 1.9319246316e+01
1.0564618663e+05 1.6057713547e+05 1.7583305301e+03 2.7129784125e+02 4.1006827527e+02 4.3300443428e+00
3.9144228679e+04 -1.5534301930e+05 2.4492319856e+03 1.2313028859e+02 -4.9484116441e+02 7.7448414935e+00
-1.6685014143e+05 8.1744483537e+04 -1.7417307004e+04 -4.5585469274e+02 2.2478763844e+02 -4.7769580701e+01
1.3749280536e+05 7.5191204225e+04 -1.4423710507e+03 4.3877746054e+02 2.3816385195e+02 -4.6248433750e+00
-4.2449357706e+04 1.9560683637e+05 -3.8321395182e+03 -1.0501148956e+02 4.8960902600e+02 -9.6599591003e+00
1.8347518754e+05 -2.1352938520e+04 -1.9819854853e+04 4.9442624217e+02 -5.8884894390e+01 -5.3490224044e+01
1.5357553296e+05 -1.2058844099e+05 9.1379472492e+03 3.9476930577e+02 -3.1157197834e+02 2.3585575151e+01
-1.3195622651e+05 -1.2176894458e+05 -3.8966151989e+03 -3.6496842371e+02 -3.3495966997e+02 -1.0561384577e+01
-1.8749674183e+05 6.8143593920e+04 4.6289945917e+03 -4.7534520581e+02 1.7405231160e+02 1.1769581689e+01
-7.2392057301e+04 -1.8735202125e+05 2.7648487177e+03 -1.8092562987e+02 -4.6491133368e+02 6.9328325255e+00
8.4559264700e+04 1.9097203988e+05 1.2547675429e+03 2.0124715292e+02 4.5162065862e+02 3.0229554682e+00
-5.0747796668e+04 1.7525405959e+05 -3.6540321914e+03 -1.3658375525e+02 4.7652376308e+02 -1.0031102560e+01
1.0491574042e+05 -1.4428754784e+05 -1.8782308021e+04 2.9289617867e+02 -4.0511106412e+02 -5.2837996818e+01
1.3399252804e+05 -1.3333326505e+05 1.2679974598e+04 3.5729061949e+02 -3.5734747134e+02 3.3976350293e+01
-1.4549697596e+05 -7.0752343393e+04 -2.5622858913e+03 -4.5174573592e+02 -2.1799020608e+02 -8.0196387543e+00
-1.5932736645e+05 -1.0146174096e+05 -2.0254662642e+04 -4.2661517420e+02 -2.7014771671e+02 -5.4229445329e+01
-1.0733577580e+05 -1.3039397106e+05 -6.3654007752e+03 -3.2509866234e+02 -3.9267548817e+02 -1.9282924423e+01
1.9257581496e+05 3.6776032983e+04 8.0170272243e+00 4.9966829691e+02 9.4175882802e+01 1.6422162877e-01
-1.7017770233e+05 -1.0707018399e+04 -2.1299595382e+03 -5.0103122389e+02 -3.0089154699e+01 -6.1601438789e+00
-8.4463323676e+04 1.5478836388e+05 1.0879523306e+03 -2.4320733805e+02 4.4858632898e+02 3.1461581481e+00
1.3662519185e+05 1.3516784839e+05 -1.3037836983e+03 3.5545183244e+02 3.4987331665e+02 -3.4949416171e+00
-7.3823805048e+04 1.7546586123e+05 7.0064350364e+03 -1.9185234307e+02 4.5933300200e+02 1.8334104222e+01
-1.3112853823e+05 1.3850072619e+05 2.0900765757e+03 -3.4955876156e+02 3.7106278420e+02 5.5722051992e+00
-1.0759713297e+05 1.6331270692e+05 -3.3637384594e+04 -2.7018899267e+02 4.1235404293e+02 -8.4934999204e+01
-7.3171328808e+04 -8.6306837970e+04 7.5880663590e+03 -3.2250299603e+02 -3.7701876619e+02 3.3227899192e+01
3.3632893162e+02 1.6890728816e+05 1.6299274551e+03 2.4559526164e+00 5.0562209228e+02 4.9100005155e+00
5.9815461532e+04 1.8929978368e+05 1.5192014424e+04 1.5287969005e+02 4.7989176903e+02 3.8765454681e+01
-2.8897547546e+04 -1.7034162213e+05 1.2583734644e+04 -8.4419423264e+01 -4.8911160706e+02 3.6230284244e+01
-3.0424244391e+04 -1.1128912016e+05 -5.2419159598e+02 -1.3527146611e+02 -4.8675452219e+02 -2.2951584884e+00
-8.5048458882e+04 -1.4990855500e+05 -5.0458951173e+03 -2.4573160582e+02 -4.3022043185e+02 -1.4495009722e+01
9.0672423912e+04 -1.9144683613e+05 -1.4738288475e+04 2.0261477582e+02 -4.3036671992e+02 -3.3205899065e+01
1.0112541537e+05 -4.3830016092e+04 4.2661296578e+03 4.6511791794e+02 -2.0400673853e+02 1.9660268983e+01
-1.3713502989e+03 -1.9409175971e+05 1.0100875014e+04 -4.6911326182e+00 -5.0312687595e+02 2.6556735362e+01
1.4564240248e+05 -1.1832125093e+05 -1.0666459271e+03 3.8282727236e+02 -3.1266109304e+02 -2.6188942609e+00
1.9939506464e+05 7.2301876588e+04 -2.9306960093e+02 4.3710528508e+02 1.5733882754e+02 -6.5343957863e-01
1.4749871318e+05 -1.0533228728e+05 -2.4487504480e+03 4.1567555981e+02 -2.9848380126e+02 -6.9753440244e+00
-1.8839781907e+05 -8.3952371740e+03 -7.9860270589e+03 -4.9618647424e+02 -2.0851760718e+01 -2.0816068753e+01
9.6889434590e+04 1.5530668040e+05 -1.9631917620e+04 2.6433259636e+02 4.2116955640e+02 -5.3287329179e+01
1.5948156009e+05 -1.1361364751e+05 -4.4593706013e+03 4.0416214359e+02 -2.8945644982e+02 -1.1348296574e+01
7.5793907179e+04 1.7270695488e+05 3.2142443280e+04 2.0212473159e+02 4.5754816065e+02 8.5625529452e+01
-1.3559732025e+05 -1.3246870682e+05 -2.9589861170e+03 -3.6069145950e+02 -3.5056836123e+02 -7.8372929875e+00
-6.1098577986e+04 1.6529169534e+05 -5.4478038881e+03 -1.7408765055e+02 4.7493889776e+02 -1.5733820225e+01
-1.1172168232e+05 1.6948343125e+05 1.1745402448e+04 -2.7454706489e+02 4.1865908650e+02 2.9031491576e+01
-1.2256621874e+05 1.5503054171e+05 1.9358944269e+04 -3.1234413410e+02 3.9706417173e+02 4.9481107839e+01
1.6655740300e+05 -9.6395409263e+04 -4.3617644298e+03 4.3163541519e+02 -2.5128813392e+02 -1.1296320429e+01
-1.1348097260e+05 -1.6938717710e+05 1.0689724654e+04 -2.7894125072e+02 -4.1422204224e+02 2.6182750817e+01
3.9474326652e+04 -1.7775398988e+05 1.7407612252e+04 1.0756364298e+02 -4.9055496766e+02 4.8097382044e+01
1.5401360719e+05 1.2971694203e+05 -1.0417690226e+04 3.8601122669e+02 3.2354763594e+02 -2.5984211388e+01
-1.9010795110e+05 -6.4265618670e+04 1.2513219082e+04 -4.7265529458e+02 -1.5850217569e+02 3.1162558293e+01
-1.5331620019e+05 -1.2861211898e+05 -3.9834632770e+03 -3.8170773998e+02 -3.1861164874e+02 -9.9395754441e+00
1.3450624425e+04 -1.8186344523e+05 -1.0022831982e+04 3.5757109066e+01 -5.0171649192e+02 -2.7664180540e+01
2.0839496580e+05 -2.2835125728e+04 -8.1040842748e+03 4.9629560772e+02 -5.5531939582e+01 -1.9323472837e+01
5.2599449056e+04 -1.9297163956e+05 1.0026305925e+04 1.3043034799e+02 -4.8313316681e+02 2.4985863946e+01
-7.8017671776e+04 -1.5431035843e+05 2.2031964196e+04 -2.2537180444e+02 -4.4261546394e+02 6.3211941863e+01
-1.3477511949e+05 -1.2340752807e+05 2.7305248625e+03 -3.6686991475e+02 -3.3414583016e+02 7.6125515174e+00
1.6552025466e+05 1.0154599671e+05 3.7938131593e+03 4.3318315967e+02 2.6429037194e+02 9.8802330484e+00
-4.3483653001e+04 -2.1330218227e+05 4.9262975315e+03 -9.7986470786e+01 -4.7545229405e+02 1.1163373857e+01
-5.5146054515e+04 -1.4726512796e+05 -1.9040009117e+03 -1.7864016387e+02 -4.7263565939e+02 -6.2394912309e+00
4.8437442820e+04 1.7188074430e+05 1.6476034630e+03 1.3812722384e+02 4.8510786246e+02 4.5901784173e+00
-1.4098674402e+05 -1.8978418602e+04 -6.8969547395e+03 -4.9900327946e+02 -6.5458047463e+01 -2.4621858185e+01
1.7452036625e+05 8.5209803607e+04 1.2613090959e+03 4.5997934194e+02 2.2319389182e+02 3.3542370012e+00
-1.2217610363e+05 4.1572135519e+04 -1.1513052602e+04 -4.7502208836e+02 1.6364330074e+02 -4.4909433207e+01
-1.5564567145e+05 2.8462401400e+04 9.5166306133e+03 -4.9109012253e+02 9.1387073500e+01 3.0098633922e+01
-1.3630945120e+05 1.4282390352e+05 1.4150399622e+04 -3.4266542605e+02 3.6083251463e+02 3.5584774140e+01
6.1695440036e+04 1.8162438970e+05 -4.5693864170e+03 1.6366435531e+02 4.7785099278e+02 -1.2053219184e+01
-1.4538163321e+05 -1.3262270269e+05 -3.1811508886e+02 -3.7786229411e+02 -3.4303835690e+02 -8.3866602886e-01
9.3069848945e+04 -1.2878449446e+05 -2.0818034255e+04 2.9242594732e+02 -4.0721038495e+02 -6.5973787849e+01
-1.3703200603e+05 -1.1884223844e+05 -9.6110854852e+02 -3.8181384085e+02 -3.2934300290e+02 -2.6389382671e+00
1.4248870212e+05 -1.0731597370e+05 1.8942390386e+04 4.0485016427e+02 -3.0662588765e+02 5.4014196499e+01
-1.1398905649e+05 -1.7235123347e+05 -2.3085545202e+03 -2.8006606402e+02 -4.2135251841e+02 -5.6042227740e+00
-1.8033330219e+05 -2.5656281642e+04 4.2904920838e+03 -4.8984067912e+02 -6.8377185974e+01 1.1412372837e+01
1.0724019810e+05 -1.7490160153e+05 -1.0631029661e+04 2.6158712568e+02 -4.2883915534e+02 -2.6201929051e+01
4.8893729127e+03 -1.7762974406e+05 1.9767660508e+04 1.2076042198e+01 -4.8624782778e+02 5.4464693734e+01
-8.6877529418e+04 5.9828537015e+04 1.1134444623e+03 -4.1553589576e+02 2.8896873003e+02 5.2304293304e+00
1.5966159190e+05 4.2050073048e+04 1.0153594897e+03 4.9505605825e+02 1.2886562847e+02 3.0726573117e+00
1.6399681227e+04 -2.0075975507e+05 4.9181658721e+02 4.0118828503e+01 -5.0578953290e+02 1.1566897841e+00
-1.4954448787e+05 1.0911506441e+05 6.1185210771e+02 -4.0837332772e+02 2.9959867347e+02 1.5956577109e+00
-1.7136436330e+05 5.5835305945e+04 7.5846014160e+03 -4.8342728927e+02 1.5891072900e+02 2.1594038283e+01
-1.1669732989e+05 -1.6129623557e+05 7.3426444591e+03 -2.9694818888e+02 -4.0845822059e+02 1.8899894662e+01
1.8686728237e+05 7.6788211079e+04 7.8414314962e+02 4.5802391583e+02 1.8697179845e+02 2.1763797309e+00
1.7547498622e+04 -2.0391828244e+05 -3.2755775638e+03 4.1534811617e+01 -4.9588631440e+02 -8.1783288748e+00
1.3422672820e+05 -1.0248607919e+05 -2.7730590487e+02 4.0425541690e+02 -3.1044993436e+02 -6.7497318137e-01
1.6787440539e+05 1.1682836997e+05 2.9445719760e+03 4.1457207688e+02 2.8709857100e+02 7.1365791430e+00
1.9339468294e+05 -4.3776698364e+04 -7.9633030189e+02 4.9039130451e+02 -1.1222186578e+02 -2.2188599738e+00
8.5752450045e+04 -1.8346833131e+05 1.4563662673e+04 2.1339853270e+02 -4.5938709010e+02 3.6529768456e+01
1.1088007143e+05 1.0059250302e+05 -2.0348528969e+04 3.7456374818e+02 3.3760000867e+02 -6.8570870406e+01
1.4320858613e+05 -5.3447830702e+04 3.2112333830e+03 4.6377074190e+02 -1.7469061864e+02 1.0810174547e+01
-3.1513105815e+04 -2.0019915426e+05 8.4533460605e+03 -7.8382918036e+01 -4.9024290048e+02 2.0657036706e+01
-1.0509683434e+05 1.5068693392e+05 5.0742493914e+03 -2.9094848340e+02 4.1944709223e+02 1.4253239113e+01