4.5294080976e+01 -7.6842406873e+01 3.4219376780e+01 -2.7656720119e+01 -9.4118808770e-01 -9.5534946507e+00
1.1406443518e+01 1.0308541142e+02 1.0523595896e+01 2.6400076942e+01 -1.8401217338e+01 3.6463311453e+01
6.9241261837e+01 1.6101058976e+01 3.3651900314e+01 -5.8886033115e+00 -2.1254477516e+01 -5.4264105707e+00
3.4569292976e+01 3.0505381133e-01 2.6267758072e+01 -5.0427967072e+00 -9.4608762568e+00 -1.1317289509e+01
2.7760760473e+01 1.0810560737e+02 -3.1126837197e+01 2.5335991574e+01 -2.3602690128e+01 -6.7088217161e+00
1.3750254998e+02 8.3498462900e+00 -3.3070097592e+01 -1.8117243241e+01 -3.8701828091e+01 -1.1736443027e+01
1.7012172682e+01 6.2281103976e+01 -6.7254505198e+00 1.4452194625e+01 -1.3878986737e+01 -2.0420310746e-02
6.7634101396e+01 -6.5899496314e+01 1.6308224130e+01 -2.7986453773e+01 -8.6505691402e+00 -1.0483292946e+01
2.8090319288e+01 -2.1902120028e+01 5.6649493316e+00 -1.0127971938e+01 -4.4071355011e+00 -2.7467511921e+00
-1.5674326574e+02 2.3619529086e+01 -9.1023314184e+01 2.9688674845e+01 3.9210911128e+01 3.9753394546e+00
-8.5986073229e+00 -1.1218880892e+02 8.9836917464e+00 -2.9296883673e+01 1.8985379339e+01 1.4384605392e+01
-5.0473137992e+01 -7.6529102231e+01 -3.7802243042e+01 -1.3360603929e+01 2.5104937440e+01 1.2245386774e+01
-3.6146051900e+01 -1.6145983343e+01 1.3798688223e+01 9.6049594063e-01 1.2238835153e+01 1.9311968208e+00
-1.3224283318e+01 7.1014864119e+01 3.9873879554e+01 2.1312352011e+01 -6.9311509433e+00 4.5673219744e+00
2.6496479804e+00 -2.0765594287e+01 4.9093752765e+00 -6.0549392179e+00 2.3621025725e+00 -3.1393821188e+00
-1.0843430735e+02 -5.7951290664e+01 -1.2033009437e+01 2.9266279744e-01 3.8144605912e+01 7.7206078672e+00
9.3807613412e+00 -5.4121014983e+01 -3.8192221041e+01 -1.6140117366e+01 5.4795487189e+00 1.9888833387e+01
-5.7338087180e+01 4.1112141632e+01 1.9935987923e+01 1.9713007433e+01 9.5164779119e+00 -6.5261519037e-01
-2.8268126901e+01 -1.3484913304e+01 2.9414706963e+01 5.3088182977e-01 9.7039359565e+00 1.6650419382e+01
5.3189080825e+01 -1.0317473605e+02 -7.0814326006e+00 -3.6003397422e+01 8.1008244855e-01 5.1254410633e+00
1.4355433775e+02 -3.3453203017e+01 -1.2031409817e+01 -3.0400800781e+01 -3.4152082590e+01 -2.5788310824e+00
9.2611798969e+01 1.0176870940e+02 -9.8768725235e+00 1.3984689113e+01 -4.0336542746e+01 5.1445217263e+00
5.6158356443e+01 3.7085597409e+01 1.9298571999e+01 1.7780095918e+00 -2.0812534107e+01 -9.3572266151e+00
2.0476528497e+01 -6.4677246730e+01 4.9155342627e+01 -2.0669154475e+01 4.0105368884e+00 7.2970441575e+00
-6.8193012000e+01 -6.1085846623e+01 -2.3186468970e+01 -6.5303156259e+00 2.7638215737e+01 -8.1420957926e+00
-3.8228132191e+00 4.0815647610e+01 1.4827724429e+01 1.1681734816e+01 -5.0086013357e+00 -3.9386293232e+00
-5.3779249261e+01 1.0111146331e+02 4.1372854169e+01 3.5523060648e+01 -3.3525736325e-01 7.3632608188e+00
6.3227468030e+01 8.4698946826e+00 1.5418124475e+01 -7.0646107004e+00 -1.8489100584e+01 -9.0539748840e+00
-7.6516853604e+01 -2.3371453242e+01 -3.0267279089e+01 4.9881230742e+00 2.4316649679e+01 -1.5648435925e+00
1.6463366161e+01 -3.8312833414e+01 -1.1776710170e+01 -1.2882071682e+01 1.1997347813e+00 -1.2083723406e+01
-2.4564583112e+01 2.0297885990e+01 -1.6260077750e+00 9.1861286331e+00 3.6884414864e+00 -1.4488196798e+00
-5.2866865223e+01 -5.6875987921e+01 2.3383049302e+01 -7.6573514945e+00 2.2852760285e+01 9.1947274119e-01
7.9252180994e+01 -3.1342445712e+01 -1.1544172401e+01 -2.0296829914e+01 -1.6942483180e+01 -4.5288767157e+00
8.2380148012e+01 2.1287864521e+01 -6.5318940217e+00 -6.4179086339e+00 -2.5611807787e+01 2.3207351812e+00
1.4283164573e+01 -1.2596728750e+02 -6.3227265347e+01 -3.6432199984e+01 1.4786398890e+01 -9.7892196928e+00
1.8554070899e-01 -1.0955054894e+01 -8.2535188210e+00 -3.0142494438e+00 1.5739202656e+00 -2.1555316414e+01
-2.9505088743e+01 -2.6328251815e+01 3.7888418598e+00 -2.7967081540e+00 1.1947935934e+01 2.6831643259e+00
-1.2671482852e+02 -3.7356228360e+01 -4.8860610968e+01 8.6100228430e+00 4.0074687267e+01 1.0136768676e+01
7.2033545230e+01 -4.2680186466e+01 -3.2866486652e+01 -2.2308104678e+01 -1.3303249184e+01 5.9451321469e+00
5.2899791944e+00 2.3324836878e+00 6.1298210823e-01 -1.4857957012e-01 -1.7841843243e+00 1.4518452607e+00
2.1682665349e+01 -1.6265758958e+01 1.0989707470e+01 -7.6541964560e+00 -3.4881111121e+00 -6.1290032261e+00
-1.6635143321e+02 1.4384009524e+02 1.1103220697e+00 6.3870691924e+01 2.3985578189e+01 1.7996903043e+01
1.1029050845e+01 3.3143844569e+01 2.3150611479e+01 7.4006528280e+00 -7.9145489447e+00 -4.8330622204e+00
1.5493927163e+01 1.2742917434e+02 -7.5066040879e+01 3.2427886357e+01 -2.3115511932e+01 1.3715293529e+01
-1.0165787186e+02 -8.9058103047e+00 1.1520809116e+01 1.2648626960e+01 2.9026672669e+01 2.3311874697e+01
-2.3897681409e+02 8.5930643718e+01 2.0651188084e+00 5.8873038797e+01 5.2371505121e+01 7.4939413048e-01
5.8366226111e+01 -2.5738098695e+01 -1.1914816080e+01 -1.5670985122e+01 -1.2086464420e+01 3.5844053893e+00
5.3714924774e+01 4.7239976219e+01 2.2000043277e+00 4.9019646605e+00 -2.1650465270e+01 3.3436880276e+01
8.2940278434e+01 -1.2138722819e+01 -3.0545456835e+01 -1.5609309777e+01 -2.0805846388e+01 -2.0223012874e+01
-4.2436524549e+01 1.0997874613e+02 8.4400996061e+00 3.6264094752e+01 -4.7475702814e+00 -4.1521033931e+00
3.9516547029e+01 -7.4513295127e+01 -5.2896986757e+01 -2.6166813741e+01 2.8559190843e-01 5.1318161696e+01
-3.6590860382e+01 9.9096317258e+01 -5.0821926105e+00 3.2428779386e+01 -4.7229174160e+00 -3.4969206922e+00
-8.2415667860e+01 1.2129068905e+01 1.9186491149e+01 1.5520888668e+01 2.0658263252e+01 2.1269661398e+00
-1.2323203012e+02 -4.8986033621e+01 1.7619068047e+01 4.9320134376e+00 4.0841491989e+01 7.6149302810e+00
4.1168255937e+01 -7.5692608183e+01 -3.4482663239e+01 -2.6726090853e+01 1.8043290183e-02 -1.2204752493e+01
-6.8627420246e+01 2.7937969662e+01 -3.8960108064e+00 1.7802305925e+01 1.4558487301e+01 -6.6157118949e+00
3.2804833427e+01 -1.4285113589e+02 -4.9419938976e+00 -4.3800034220e+01 1.2247090912e+01 -1.2383070802e+01
-6.1128147538e+00 -7.5012476317e+01 2.7815376370e+01 -1.9529678341e+01 1.2789339268e+01 -2.2552690595e+01
-9.0430883147e+01 7.1277825023e+01 2.8784949846e+01 3.2839350533e+01 1.4067850894e+01 5.5665916630e+00
7.0816001338e+01 -9.8566578921e+01 -2.5988989878e+01 -3.7354052482e+01 -4.6714080789e+00 7.7319859969e+00
8.8542318570e+01 -8.1671863824e+01 1.0592722831e+01 -3.5389172587e+01 -1.2010336632e+01 -5.3798218920e-01
-2.3935210788e+01 -4.3855635798e+01 -1.0872340399e+01 -8.3971285908e+00 1.3033626465e+01 1.4484472866e+01
1.5393768558e+02 -3.4831703645e+01 1.5460519275e+01 -3.2323482764e+01 -3.6771034410e+01 -3.4589713844e+00
7.7553207424e+01 4.6433741851e+01 -3.2987901240e+01 1.1407483097e+00 -2.8026388359e+01 -4.5984654107e+00
5.8382342400e+01 -4.3890194350e+01 -4.1843425793e+01 -2.0612490032e+01 -9.3998178422e+00 3.5207413616e+01
-7.8342510801e+01 1.2182050940e+01 -3.9174652771e+01 1.4937391812e+01 1.9537144182e+01 1.4196278903e+01
-3.5156594301e+01 -7.6578376550e+01 -1.3492581749e+01 -1.5646049039e+01 2.0938812362e+01 3.0164838016e+00
8.6901661968e+01 2.0659103900e+02 -3.8175973925e+01 4.3398758866e+01 -5.4332558543e+01 7.7375402314e-01
-4.2398469553e+01 3.7593200717e+01 -2.9591658421e+00 1.6531475818e+01 5.9865635051e+00 1.4067916868e+01
-2.0005823250e+01 5.8286618666e+01 -1.3220168045e+01 1.8844942550e+01 -3.1946832933e+00 -3.2884029022e+00
2.5669209238e+01 -3.6953305425e+01 -3.1542593531e+01 -1.3870277210e+01 -1.5196481974e+00 2.0480455583e+01
-2.6768212734e+01 -5.6774603974e+01 5.1533462789e+00 -1.1494405703e+01 1.5723561409e+01 2.0554455371e+00
-2.6777432995e+00 3.6368769196e+01 3.7540846572e+01 1.0304917098e+01 -4.6560313506e+00 1.1036894269e+01
1.4757421802e+01 2.9121151100e+01 2.6807886111e+01 5.7452471048e+00 -8.3413313905e+00 -8.7698999349e+00
-2.2384414808e+01 -1.0154033710e+02 3.6003247534e+01 -2.4351447556e+01 2.1166557725e+01 -1.5981254509e+01
4.6663384012e+01 -6.2683455761e+01 -9.9160334216e+00 -2.3999437311e+01 -3.4116738491e+00 3.0595600635e+00
6.3173559956e+01 7.8345639030e+01 2.8310246702e+00 1.1976064062e+01 -2.8833532396e+01 -2.9534392142e-01
-1.6530546090e+01 -3.6573079361e+00 -7.2015527857e+01 1.4615053116e+00 5.0456597731e+00 7.2908464847e+00
-4.7172506896e+01 -2.5589152461e+01 -8.0861965832e+00 2.8854224983e-02 1.6650987140e+01 2.2741839940e+00
2.6107351301e+01 1.0741677215e+01 3.6718633595e+01 -9.5542385383e-01 -8.7006693860e+00 1.3701593995e+01
4.1653036040e+01 -1.2667515861e+02 1.2409376424e+01 -4.0694499005e+01 7.4427613268e+00 1.5367615682e+00
-3.3746571089e+01 7.3045233463e+01 5.6771016426e+01 2.4913648741e+01 -1.6365111255e+00 -9.1892807176e+00
1.3713485441e+02 -2.2640622140e+01 -3.1923985815e+01 -2.6511357907e+01 -3.4009301118e+01 1.5830433739e+01
-2.2207315886e+01 -1.5799750765e+01 -3.0717929336e+01 -1.0015538654e+00 8.4058757657e+00 -3.8807566239e+01
-4.0795276429e-01 -7.9542714331e+00 4.7424511719e+00 -2.1088716818e+00 1.2905497390e+00 -1.2757643642e+01
-3.9207034540e+01 -2.2166407016e+01 1.5191053590e+01 -2.2640275673e-01 1.3972169409e+01 1.6608989260e+00
7.7702268310e+01 7.6052003575e+01 4.4962383810e+00 9.1910681671e+00 -3.2448393204e+01 -1.1424115263e+01
7.5873401139e+00 4.2961435731e+01 -4.4754636782e+00 1.0582928618e+01 -8.4506913683e+00 1.0740806996e+01
-5.2758553550e+01 1.3577323392e+01 3.4638418671e+01 1.1529171904e+01 1.2363734813e+01 -1.1113871744e+01
9.4310716445e+01 2.3518938794e+01 -5.4451748790e+01 -7.5856400578e+00 -2.9180339633e+01 -2.1136525269e+00
1.1687148938e+01 1.1032339987e+02 5.7547876882e+01 2.8318893201e+01 -1.9554388030e+01 -6.0137884236e+00
8.5992985212e+01 -1.3491548274e+02 2.2585647656e+01 -4.9519556930e+01 -3.4250500828e+00 2.0918888624e+01
-1.2517630705e+01 1.3497943667e+01 -2.9240871890e+01 5.5341622535e+00 1.3994463394e+00 -6.1796234033e+00
-9.7375747827e+00 1.4353247095e+02 1.9371893835e+01 4.0560576841e+01 -1.8634823347e+01 -1.6833894980e+01
-6.7334723653e+01 8.5276153095e+01 3.6871513297e+01 3.3221030662e+01 5.6955631432e+00 8.8264838915e+00
9.9711173091e+01 4.9797534937e+01 4.8871977392e+00 -1.2223237464e+00 -3.4565029493e+01 -1.9665016112e+01
1.9710801073e+01 9.8463610701e+00 -5.2760932186e+01 -2.4108493585e-01 -6.8345007341e+00 -1.9044047166e+01
-1.6046723244e+01 -3.8938195966e+01 6.1545959473e+01 -8.2350673892e+00 1.0146930967e+01 1.8950140082e+01
1.0968903394e+02 -6.6537924643e+01 -1.4856065219e+01 -3.4400206651e+01 -2.0013987933e+01 -9.2797821826e+00
-1.9916171834e+01 4.2227995363e+01 -1.6299845997e+01 1.4457677948e+01 -8.4445063033e-01 1.7696945374e+01