-9.1536396699e+01 3.6498540813e+01 1.9222669511e+01 -4.0465741580e+01 -2.9572694993e+01 1.7130837221e+01
5.4746642105e+01 -9.1420276778e+01 -5.5616330245e+01 5.4181211372e+01 -1.1195193813e+00 2.0606997842e+01
-4.6438673026e+01 -6.5457829617e+01 1.2706559140e+01 1.5652577911e+01 -3.7701767857e+01 1.8391720908e+01
-3.7215098284e+01 -2.3764200485e+01 2.0976780240e+01 1.7622847908e-01 -2.2457805665e+01 1.1599260979e+01
5.0684069136e+01 -1.1359906480e+02 6.5610679140e+00 6.2643127630e+01 -8.8670413791e+00 -2.1577365071e+01
-1.2433123620e+02 -9.3215934575e+01 1.4167622273e+01 6.5506106232e+00 -7.8759141026e+01 -2.4718620806e+01
2.5706421909e+01 -5.3312054594e+01 -8.1405983283e-01 2.9914590345e+01 -3.3275315387e+00 -4.1057837805e+00
-1.0804481085e+02 1.4635816868e+01 1.8421695660e+01 -3.5510981390e+01 -4.2593390276e+01 5.8555611175e+00
-4.3127650726e+01 1.2179347279e+01 5.0017992952e+00 -1.6907512203e+01 -1.5283453552e+01 2.3823747638e+00
1.4374708553e+02 7.6706970271e+01 -1.7656960332e+01 5.8001255694e+00 8.2658951739e+01 -5.3913163857e+01
-6.1751863242e+01 9.9048112668e+01 -2.1332574913e+01 -5.9360341240e+01 1.6408305874e-01 1.1073625239e+01
-9.7997910135e+00 1.0605731914e+02 -2.3876911791e+01 -4.8344290224e+01 2.4445668097e+01 -1.8265949721e+01
3.0249437051e+01 4.0400932431e+01 -1.2800584903e+00 -9.2256843686e+00 2.3954539678e+01 9.1593792759e+00
5.6891486868e+01 -5.2703555575e+01 -2.1167362229e+00 3.8082152824e+01 1.0266189372e+01 2.6073287716e+01
-1.6677628989e+01 7.7314428922e+00 5.5198816466e+00 -7.8377662124e+00 -5.1002854544e+00 1.7691527359e+00
5.6979262647e+01 1.1587262416e+02 -1.3569819523e+01 -3.4520373086e+01 5.5863271918e+01 -4.3261582036e+00
-5.0829190770e+01 3.1408058619e+01 -3.5861742764e+01 -2.7272064150e+01 -1.3415997868e+01 -1.5528017364e+01
8.2120054251e+01 1.6652149473e+01 3.5267135010e+00 1.5021651731e+01 3.9889213353e+01 1.1892989558e+01
2.0768735836e+00 4.4506138997e+01 -2.2300927378e+01 -1.8622515404e+01 1.2929450706e+01 2.4404362805e+01
-1.1008404686e+02 5.7595231904e+01 -8.8944600473e+00 -5.4565368693e+01 -3.1859133939e+01 -2.3194322598e+00
-1.5834578282e+02 -5.2021411574e+01 2.5136784878e+00 -2.0392555305e+01 -8.2275300144e+01 -8.3346920548e+00
-9.6374613094e-01 -1.5241925998e+02 -9.2758747608e+00 6.5413883984e+01 -4.1610526352e+01 -4.0152730007e+00
-1.6760774314e+01 -5.4336133102e+01 1.7039399081e+01 1.8881826974e+01 -2.1898006954e+01 8.1159584817e+00
-4.5126704550e+01 3.6785559343e+01 -5.2119384039e+00 -2.8036283176e+01 -9.5009156221e+00 3.2791171137e+01
2.7661502266e+01 1.0013997487e+02 9.7979895999e+00 -3.5663121519e+01 3.8985317469e+01 -1.7297243132e+01
3.1010702886e+01 -4.6678310280e+01 8.0155223163e+00 2.8494328427e+01 7.3722412753e-01 7.5012863118e+00
1.0480921149e+02 -7.1194329266e+01 -6.2942453897e+00 5.8998418577e+01 2.5902084803e+01 2.8075058668e+01
-5.0975958401e+01 -3.4655007795e+01 1.6077755750e+01 1.1501473932e+00 -3.1321222582e+01 5.8696458786e+00
4.5152783605e+01 7.6902912268e+01 -1.3634971380e+00 -2.0932589379e+01 4.0240904713e+01 -1.9051114929e+01
-4.1677092026e+01 1.9893813217e+01 1.7388271865e+01 -1.9836068325e+01 -1.2580696664e+01 -1.1879699274e+01
1.4564910595e+01 6.7013352398e+00 2.0579094246e+00 1.0376330281e+00 8.0878947214e+00 -1.5547473424e+00
-2.1338519833e+00 6.9904819706e+01 1.5053696995e+00 -3.0697782918e+01 1.7965305672e+01 1.4605297115e+01
-9.2732199820e+01 -2.7020366755e+01 5.6200978128e+00 -1.3423515576e+01 -4.7256655692e+01 -8.7969578680e+00
-5.1043128824e+01 -6.1818300754e+01 -4.4455923282e+00 1.2839618474e+01 -3.8692489133e+01 -3.0764518144e+00
-9.4029113034e+01 1.2228341097e+02 7.3336362657e+00 -7.8099966960e+01 -7.4485766102e+00 -4.2335418471e+01
-4.6525073985e+00 7.8626866901e+00 3.2621986831e+01 -4.6433271116e+00 1.2019730082e-01 -1.3420242884e+01
4.6602135545e+00 3.9560582610e+01 -3.7133773879e+00 -1.5786041894e+01 1.2698143414e+01 3.3530905172e+00
8.7274246931e+01 9.7340988765e+01 -2.1975111719e+01 -1.8346142579e+01 6.3900098654e+01 -2.5824713817e+01
-8.8780945923e+01 6.9995009014e+00 -1.3417787574e+01 -2.7012360840e+01 -3.6348568174e+01 -1.7711231213e+01
-7.9658219746e+00 -8.0666349428e+00 -2.1900555250e+00 1.3201446174e+00 -5.6141793873e+00 9.3868604138e-01
-3.2775065015e+01 -1.4659165899e+01 1.0953187478e+01 -2.5424426299e+00 -1.8090752763e+01 4.3100735742e+00
2.4339174106e+02 -1.3128038279e+01 -2.7963767568e+01 7.1441022565e+01 1.0131491994e+02 7.6826062215e+00
-3.7052294290e+00 -3.6190523551e+01 1.0459120060e+01 1.4582226933e+01 -1.1380000733e+01 1.2224245523e+01
5.1913233420e+01 -1.2520310073e+02 -3.0859427963e+01 6.7963403340e+01 -1.1478276188e+01 -4.0398651772e+01
8.0336207174e+01 6.0956488806e+01 -3.4954006187e+01 -4.5483815585e+00 5.1079110467e+01 1.6094828636e+01
2.5220720488e+02 8.8042849742e+01 -9.1047462010e-01 3.0226854304e+01 1.3245650475e+02 1.5500167403e+00
-6.6679648668e+01 -1.3949737491e+01 -7.0959823275e+00 -1.2011710047e+01 -3.2496870483e+01 -5.8643409797e+00
-5.8501102484e+00 -7.1385271056e+01 -5.1937312161e+01 2.9178498265e+01 -2.1810240911e+01 1.4357240995e+01
-7.2901162125e+01 -3.3358469324e+01 2.7737553713e+01 -5.3291855554e+00 -4.0417660888e+01 -2.6484120373e+01
1.0100515595e+02 -6.9889679240e+01 7.5454222199e+00 5.7406089397e+01 2.4624543569e+01 3.5261859503e+00
-8.0535156183e+01 3.7938007019e+01 -8.6790454915e+01 -3.8110130307e+01 -2.4443521529e+01 -1.2252423867e+01
8.7794138555e+01 -7.1305914295e+01 4.8214334856e+00 5.4446048304e+01 1.8546168367e+01 -4.4579228216e+00
8.8747253079e+01 2.8946340041e+01 -9.0807181584e-01 1.1522094341e+01 4.6052218759e+01 1.2518393236e+01
8.1145019470e+01 1.2494162211e+02 -9.6750682413e+00 -3.1894248638e+01 6.8730324724e+01 1.3699789143e+01
-1.0007848289e+02 3.9245568426e+01 1.4721243579e+01 -4.3964943827e+01 -3.2511635228e+01 -2.5761610690e+01
6.3715774209e+01 2.8915961752e+01 9.8408463949e+00 4.7542755152e+00 3.5268533208e+01 -4.9493055154e+00
-1.0413677038e+02 9.6082208369e+01 1.8715415194e+01 -6.9530573491e+01 -1.8897771583e+01 -7.8318232002e+00
-4.1239352149e+01 7.7168764777e+01 3.8716311741e+01 -4.4392499083e+01 3.0942282480e+00 8.1683559521e+00
1.2091466561e+02 -7.5767028603e-01 -5.0719652162e+00 3.3004207310e+01 5.1889569314e+01 1.9705783928e+01
-1.3807124156e+02 4.8046510834e+01 -1.5343012854e+01 -5.8024879454e+01 -4.6496648189e+01 -1.2825143502e+01
-1.2965015905e+02 1.2818064373e+01 2.1724817793e+00 -4.0563341929e+01 -5.2392996001e+01 6.2447400608e+00
-1.7643556263e+01 4.9974739034e+01 -2.3986076979e+01 -2.6303985861e+01 5.9022334385e+00 -9.8582835878e-01
-1.6880004209e+02 -7.2509234953e+01 7.3460976357e+00 -1.4389545414e+01 -9.2324665466e+01 8.0735777348e+00
-2.1498486544e+01 -9.2976240590e+01 3.0315081392e+00 3.4255067684e+01 -3.4390369575e+01 -2.1889767389e+01
-8.3521863989e+01 1.2764136196e+01 -6.0242040572e+01 -2.8077054309e+01 -3.2527774034e+01 -1.1789276334e+01
8.3102470864e+01 3.8080276361e+01 -2.7095992639e+01 6.0585114075e+00 4.6094944695e+01 -1.8342692137e+01
-2.3281412056e+01 9.6278331352e+01 -6.4075890627e+00 -4.7775052882e+01 1.5994419845e+01 -7.0467660507e+00
6.9540607381e+01 -2.3107100354e+02 -6.0101610969e+00 1.1835238631e+02 -3.2488497434e+01 -2.2959501280e+01
4.8977946656e+01 -1.8209004039e+01 -2.2340252435e+01 2.1077774162e+01 1.6171053540e+01 3.6735265280e+00
5.9384511103e+01 -4.4570341762e+01 3.4721990685e+00 3.5255526337e+01 1.3535238768e+01 -9.3352374610e+00
-4.3937686553e+01 3.1639451627e+01 -3.5949192014e+01 -2.5507448017e+01 -1.0369356108e+01 -1.1246067342e+01
-2.8336662595e+01 6.4868072092e+01 -2.5615189339e+00 -3.5613336431e+01 5.3209386853e+00 3.9401194851e+00
1.5732907291e+01 -4.2498963470e+01 -1.2512883411e+01 2.2558333665e+01 -4.7163373997e+00 2.7170329597e+01
6.9501263322e+00 -3.5275510399e+01 1.7066791570e+01 1.7076684129e+01 -6.5398592491e+00 1.2920045540e+01
-4.7543109897e+01 9.2607449394e+01 2.9484448353e+01 -5.2746884145e+01 4.5409703454e+00 1.5715466707e+01
-8.9995142007e+01 2.3249332454e+01 -6.0249865639e+00 -3.4344457796e+01 -3.2490531006e+01 -4.8507966425e+00
-6.7615420772e+00 -1.1150778822e+02 8.1729513910e-01 4.6212229147e+01 -3.3052503903e+01 1.6099750243e+00
7.3561413429e+00 2.2735430012e+01 -2.0443500203e+01 -7.8105906565e+00 9.3181104443e+00 -4.1040964239e+01
1.8768620959e+01 5.6113069883e+01 -4.5684042762e+00 -1.9105895374e+01 2.3252987139e+01 -4.0416144501e+00
-1.4392655762e+01 -4.5498545236e+01 -1.6777419504e+01 1.5715488340e+01 -1.8507928877e+01 2.7706704402e+01
-1.2050973330e+02 8.3472591987e+01 -8.3887201442e-01 -6.8534375391e+01 -2.9358618772e+01 8.1593168000e+00
6.7039842521e+01 -4.0416427504e+01 2.1490537581e+01 3.5526460014e+01 1.7958444782e+01 3.1013395443e+01
-1.3308062566e+02 -6.6605646152e+01 -2.8735829213e+01 -7.2726727112e+00 -7.5335306301e+01 -1.3288675665e+01
-1.5070399636e+01 2.8695078900e+01 5.6736944071e+01 -1.6448723184e+01 1.2597525428e+00 -3.3824061114e+01
-1.9399759184e+00 5.1561915538e+00 2.0518475871e+01 -2.7439610548e+00 5.5711425150e-01 -2.0768848535e+00
2.1460259545e+01 4.0442428278e+01 -6.8283341376e-01 -1.1622072684e+01 2.0174262947e+01 9.9025257562e+00
-2.0693055787e+01 -1.2905149258e+02 1.8405108318e+01 5.0006724248e+01 -4.3801578640e+01 -1.7077685087e+00
3.2212560268e+01 -2.8518112032e+01 -1.7335461395e+01 2.0996590642e+01 6.1791915319e+00 1.4544188652e+00
4.8454636924e+01 2.4303276746e+01 2.1712016221e+01 2.6219620848e+00 2.7444371666e+01 1.6778715275e+01
-7.1267232830e+01 -9.3051480258e+01 -3.5484894780e+00 2.0826687099e+01 -5.5860190033e+01 -3.4000422401e+01
7.5410426752e+01 -1.1018357215e+02 1.6629499352e+01 6.7860207599e+01 2.7075020611e+00 3.2722938216e+01
-1.5105613233e+02 6.7917476196e+01 -2.9825421499e+01 -7.0082458336e+01 -4.6717992563e+01 2.1905088360e+01
3.2169032159e+01 4.9494064321e+00 5.9719100469e+00 6.5676136657e+00 1.5203339564e+01 -2.0222227902e+01
8.9582227199e+01 -1.1449586662e+02 2.8723964140e+01 7.3533063187e+01 7.6496809070e+00 5.2500124618e+00
1.1986750105e+02 -3.3713267321e+01 -9.1453632355e+00 4.6925502831e+01 4.2529636979e+01 2.5902003891e+01
-4.3637510540e+01 -9.8482568492e+01 3.1323029453e+01 3.0639404130e+01 -4.5411161047e+01 -4.6776881966e+00
-6.7148468022e+00 -1.8202605440e+01 2.3102186088e+01 6.0290615477e+00 -7.8104327798e+00 -3.9561102443e+01
-3.1329169267e+00 3.8720366897e+01 -2.1850536187e+01 -1.7523493496e+01 9.1135897361e+00 4.4877284684e+01
-1.4510102808e+02 -1.4701577155e+01 1.2622390219e+01 -3.2886637305e+01 -6.6488849487e+01 -1.2664401071e+01
5.7004455083e+01 -2.0541646657e+01 -2.9685266403e+01 2.4262907344e+01 1.9010705668e+01 -3.0422255895e+00