-1.0040863475e+02 -1.1378932804e+02 3.3201394497e+01 -4.0899717383e+01 6.7281063033e+01 3.0583476313e+00
1.7584745035e+02 3.8822250241e+01 -2.2265666991e+01 -7.8658390908e+00 -9.3099205362e+01 3.8563864468e+01
6.0320046907e+01 -1.0537262111e+02 2.9379671593e+01 -6.1500814129e+01 -1.3646584601e+01 6.7971956347e+00
1.8328438970e+01 -5.1987561714e+01 2.8769903564e+01 -2.8581901183e+01 -1.0663430312e+00 -1.4563145434e+00
1.8938919559e+02 1.1135600687e+01 -1.7508421413e+01 -2.3670051986e+01 -9.5544552410e+01 -1.7485996642e+01
8.9260385727e+01 -2.1253493765e+02 -1.4802726631e+01 -1.1905066643e+02 -1.1463268912e+01 -2.2978466943e+01
1.1622844817e+02 6.7203340675e+00 -4.9609202595e+00 -1.4579384947e+01 -5.8615085986e+01 -2.4134913696e+00
-6.9663378359e+01 -1.4172888853e+02 2.0711074452e+01 -5.9479858524e+01 5.6356790688e+01 -4.2051499922e+00
-1.4494042579e+01 -5.4458036048e+01 6.4568214411e+00 -2.4743274952e+01 1.5576736404e+01 -6.0630610677e-01
-4.9406332978e+01 2.7038073143e+02 -7.0646317379e+01 1.4156271563e+02 -1.7190821506e+01 -2.8604724791e+01
-1.8819506045e+02 -4.8930600292e+01 -5.2072264924e+00 4.7616097128e+00 1.0077414863e+02 1.6933328234e+01
-1.4785739726e+02 4.2634510659e+01 -3.8071973121e+01 4.3909783891e+01 6.6683110884e+01 -1.7632863949e+00
-4.3768770520e+01 4.5025421679e+01 8.6211409986e+00 2.9054314811e+01 1.4742663093e+01 6.7558339083e+00
1.0797590471e+02 6.0264634851e+01 2.5747539252e+01 1.3215730594e+01 -6.2780411125e+01 1.8554732034e+01
-3.6710419628e+01 -1.5468207984e+01 6.2212160889e+00 -2.0083821106e+00 2.0569468476e+01 -1.2501736080e+00
-1.5508306686e+02 1.4370764835e+02 -1.5269712999e+01 9.5094168358e+01 5.4682727983e+01 3.0889388407e+00
-8.7854209808e+01 -4.1002691976e+01 -4.4660653900e+01 -6.7782583856e+00 4.9843957532e+01 5.3964286345e+00
4.3665006428e+01 1.1285645007e+02 1.5293265006e+01 4.9187264696e+01 -3.9023767678e+01 6.4732521773e+00
-3.0231479491e+01 4.6296792747e+01 8.0469366389e+00 2.7596928335e+01 7.8490590674e+00 2.6369523789e+01
-1.3676050798e+02 -1.4350633276e+02 -9.4658266938e+00 -5.0017769469e+01 8.9869227994e+01 2.3734445914e+00
2.9395200881e+01 -2.4372577386e+02 -6.7793068560e+00 -1.2527491735e+02 2.3004034555e+01 -6.7451625706e+00
2.1350828988e+02 -1.0198466516e+02 -1.1550560930e+01 -8.3427864049e+01 -9.0063351099e+01 1.3965989471e+00
9.8320758920e+01 -7.4312371422e+01 2.1996189812e+01 -5.1962393457e+01 -3.7257003030e+01 -2.0654533078e+00
-9.6124184881e+01 -7.6126047591e+01 3.0367139438e+01 -2.2899282880e+01 5.9348129269e+01 2.4465105135e+01
-1.3399398704e+02 7.3207979250e+01 -1.0450101347e+01 5.6921001980e+01 5.5098895235e+01 -1.6028138541e+01
5.6896533664e+01 2.7044338874e+01 1.4220920980e+01 4.6259928886e+00 -3.2358356182e+01 1.5171829697e+00
1.2465078053e+02 1.4493993672e+02 2.4552457036e+01 5.2588793413e+01 -8.4092472659e+01 2.1758077786e+01
5.5079848087e+01 -9.6322541381e+01 1.8874176319e+01 -5.6204632284e+01 -1.2439980754e+01 -3.1571707622e+00
-7.5952451331e+01 1.1473918639e+02 -2.1112109914e+01 6.8549894961e+01 1.9948573526e+01 -1.2268175052e+01
-5.4630706910e+01 -4.6224552783e+01 1.2435297725e+00 -1.4482459028e+01 3.4189012693e+01 -1.5730478202e+01
2.3012894747e+01 6.1577765144e+01 -9.2908191120e-03 2.6958823697e+01 -2.0883449891e+01 -1.9622348646e+00
-1.2845408771e+02 5.9952026054e+01 1.6548781321e+01 4.9491489868e+01 5.4399724011e+01 9.2014153003e+00
-9.4289976211e+00 -1.4355724788e+02 -4.8113766457e+00 -6.9669159081e+01 2.6795742266e+01 -8.4337741521e+00
8.4708748319e+01 -1.2486116634e+02 -6.7473389044e+00 -7.4908842309e+01 -2.2723605824e+01 -1.0908346801e-01
-1.8461202400e+02 -9.0424986004e+01 -3.8728129481e+01 -1.6340626381e+01 1.0539980236e+02 -3.1853863869e+01
-1.8314490243e+01 -7.6758000548e+00 1.1658049795e+01 -9.8019164490e-01 1.0255198487e+01 -2.3520544294e+01
-6.0073675094e+01 3.5414134406e+01 5.9268555838e-01 2.6801424419e+01 2.4304474580e+01 3.9107617920e+00
-1.3813536268e+02 1.8333483532e+02 -4.4518665069e+01 1.1211085598e+02 4.0176824442e+01 -7.7130904522e+00
-2.1277663342e+01 -1.3974805613e+02 -2.9225909970e+01 -6.5949325685e+01 3.2080946549e+01 -6.0223056856e+00
5.0540781596e+00 -4.8675445130e+00 -7.4298027786e-01 -3.1920518542e+00 -1.7527918880e+00 1.6045271219e+00
-2.2430809658e+01 -4.2826372593e+01 1.3185660952e+01 -1.7765029962e+01 1.7710897513e+01 -1.9405302288e+00
1.4499051482e+02 3.4452561038e+02 -1.4011999551e+01 1.4834140548e+02 -1.2492739339e+02 1.7580012825e+01
5.8782791341e+01 8.2650578336e+00 2.1118222080e+01 -4.9675277649e+00 -3.0391238528e+01 3.6257281967e+00
2.1155697752e+02 5.2817200512e+01 -6.6863828403e+01 -6.4415543321e+00 -1.1294459540e+02 -1.3624137993e+01
-7.6269175954e+01 1.6029977203e+02 -1.0687636693e+01 9.1165195624e+01 1.3079148747e+01 2.6360862091e+01
1.3070693427e+01 4.3961165670e+02 9.1078830335e-01 2.1577711529e+02 -7.4220324181e+01 1.4506773374e+00
-9.1849915520e+00 -1.0873946488e+02 -1.1773005170e+01 -5.2455326758e+01 2.1308584377e+01 -8.1854298097e-01
1.0840756669e+02 -6.6456666159e+01 -2.5931751713e+01 -4.9627501968e+01 -4.3467347977e+01 3.2711135645e+01
3.0802792005e+01 -1.4405874863e+02 -5.9391670646e+00 -7.6112091227e+01 6.9408034268e+00 -3.0183403856e+01
1.5372033431e+02 1.3198492122e+02 9.6691607224e+00 4.1695528998e+01 -9.6494502339e+01 -9.6039800267e-01
-9.9712160200e+01 -1.0552417835e+02 -8.1449536132e+01 -3.6911590086e+01 6.5660890525e+01 3.0173179371e+01
1.3552331762e+02 1.1685744456e+02 -8.7921013147e-01 3.7003218250e+01 -8.5149074239e+01 -5.1481782901e+00
-3.1913175672e+01 1.3449256471e+02 1.2447489546e+01 7.1545848912e+01 -4.9219867038e+00 8.8606122907e+00
-1.4454335584e+02 1.6998517955e+02 6.7639761690e+00 1.0649138669e+02 4.5411239798e+01 1.3542988677e+01
-1.0081926846e+02 -9.9710299517e+01 -1.5462218079e+01 -3.3863557791e+01 6.5318722685e+01 -2.3928460787e+01
1.1911651089e+01 1.3396868546e+02 2.5693626274e+00 6.4534593066e+01 -2.6541718812e+01 -7.7039987553e+00
-2.1620251562e+02 -1.3974322821e+02 6.5488873328e+00 -3.5910520244e+01 1.2864041186e+02 -1.3583430581e+01
-1.2044595569e+02 -3.1494065635e+01 3.9176033165e+01 2.9622544218e+00 6.4525567130e+01 -1.1633821181e+01
6.7498499971e+01 1.8716912016e+02 1.6716578168e+01 8.2324512282e+01 -6.2283405171e+01 1.5561691751e+01
-1.1739248393e+02 -1.6108496387e+02 -2.5608422075e+01 -6.1712620649e+01 8.2988760644e+01 -1.8679697004e+00
-8.4572263483e+01 -1.8776314956e+02 8.2834880794e+00 -7.9987684845e+01 7.0835001660e+01 3.2568820300e+00
-8.6336599582e+01 2.0027589224e+01 -1.9985715851e+01 2.3224596369e+01 3.9688405494e+01 9.9607324732e+00
2.4953371523e+01 -2.6169016970e+02 1.4293921704e+01 -1.3349473934e+02 2.7970459891e+01 2.2004458301e+00
1.1671270899e+02 -1.0871698086e+02 -2.0625305544e+01 -7.1844874209e+01 -4.1071953372e+01 -1.6133336066e+01
-3.3068991113e+01 -1.1545727236e+02 -5.9989249243e+01 -5.2100370570e+01 3.4179988629e+01 1.8724065595e+01
-2.3539866302e+01 1.2959253921e+02 -4.0695749401e+01 6.7830921370e+01 -8.3122519984e+00 -3.8895260656e-01
-1.3958244575e+02 1.7893578086e+01 -1.2472662770e+01 3.0377425587e+01 6.6396501999e+01 -1.9224585207e+00
3.8453787308e+02 -3.4241075703e+01 -2.8893192332e+01 -7.6222185686e+01 -1.8523216593e+02 -1.2850288395e+01
3.0487544474e+01 9.4805961845e+01 -1.3785543771e+01 4.2263885615e+01 -2.9713715964e+01 1.2379748798e+01
8.0092563735e+01 6.1466265120e+01 -7.0742918827e+00 1.8106978758e+01 -4.9154511047e+01 -7.8458651377e+00
-3.7338860634e+01 -6.2054507598e+01 -4.0226661162e+01 -2.4983323554e+01 2.8064072543e+01 8.3283561021e+00
-1.0804830865e+02 2.0191008331e+01 2.1199968115e+00 2.6651233972e+01 5.0421328831e+01 3.7970784070e+00
5.0345442300e+01 2.8786546872e+01 1.8688288135e+01 6.4968713229e+00 -2.9377783617e+01 2.3901894312e+01
5.4969875176e+01 -8.5837725217e+00 2.7070008538e+01 -1.2724041014e+01 -2.5910509758e+01 1.1683866743e+00
-1.8185049229e+02 -1.8682324526e+01 3.9819727061e+01 1.8766677089e+01 9.2969515393e+01 -2.4443689033e+00
-7.7075617956e+01 -1.0496129824e+02 -9.8610339802e+00 -4.0123301827e+01 5.4362849528e+01 -6.0821733529e-01
1.5965402922e+02 -5.8502756976e+01 2.3387793747e+00 -5.3589187040e+01 -7.0079083729e+01 7.2571567797e-01
-1.0476802837e+01 2.7606499890e+01 -5.9310738201e+01 1.5293063639e+01 9.3891892406e-01 -1.8672817004e+01
-6.5535937305e+01 6.5578387075e+01 -7.8593655806e+00 4.2588482729e+01 2.2363479884e+01 -7.0680381629e-01
2.1549326076e+01 -3.8018766598e+01 1.5883382913e+01 -2.2161571291e+01 -4.8207779946e+00 2.6153672848e+01
-1.8235285047e+02 -1.3494343624e+02 7.9179704002e+00 -3.8750793769e+01 1.1113796948e+02 5.8846581051e+00
1.0010952997e+02 9.9323149423e+01 4.9592486373e+01 3.3776823925e+01 -6.4899893148e+01 1.1433611772e+01
3.9115346512e+01 -2.3452949211e+02 -3.6676203804e+01 -1.2221725776e+02 1.6765756488e+01 3.7524087189e+00
-3.8432893560e+01 4.0014331948e+01 9.2513348231e+00 2.5742389127e+01 1.2880804062e+01 -4.7990711847e+01
-1.4020184345e+01 -5.2418082797e+00 1.4025437151e+01 -4.3624977442e-01 7.7524506486e+00 -1.0493823852e+01
-5.9271791671e+01 5.0328211866e+01 9.8744721205e+00 3.4067086454e+01 2.1606760678e+01 6.9933599808e+00
1.5853938133e+02 -8.3825262520e+01 1.2744057005e+01 -6.5965551026e+01 -6.5626321784e+01 -9.3081136601e+00
8.1337611690e+01 5.9222574717e+00 -1.2165470044e+01 -9.5950475398e+00 -4.1209382824e+01 8.6630350409e+00
-5.9230640720e+00 9.6084802743e+01 3.4797669834e+01 4.8514294052e+01 -1.1871297744e+01 1.7175456806e+00
8.2998850227e+01 -1.3805158439e+02 -3.8559568128e+01 -8.1188550642e+01 -1.9844448816e+01 -2.1400926708e+01
1.8204052144e+02 3.3249837578e+01 4.7550097498e+01 -1.1581476168e+01 -9.5315663779e+01 1.4742339524e+01
-1.6788260035e+02 -2.1786913394e+02 -5.2574785819e-01 -8.2059390316e+01 1.1674626816e+02 2.8014502750e+01
2.0116461721e+01 2.1421883398e+01 -1.6548736687e+01 7.5174626256e+00 -1.3269483187e+01 -1.6309350170e+01
2.2854743764e+02 1.0000343641e+02 2.8213036293e+01 1.4320340885e+01 -1.2863392908e+02 -9.1786330360e+00
1.0009882807e+02 1.5190638006e+02 2.0014801500e+01 5.9830794053e+01 -7.3003769062e+01 2.1552973991e+01
1.4009541769e+02 -1.3956798413e+02 1.9825910537e+01 -9.0730069723e+01 -4.7897918625e+01 -1.7037973133e+01
2.8448496862e+01 -2.8527910792e+01 -2.3353403752e+01 -1.8515811890e+01 -9.6979663246e+00 -3.6965464128e+01
-7.4235803109e+01 3.3852824421e-01 2.9932925338e+01 1.1608299389e+01 3.6722104291e+01 4.0002914497e+01
-4.9272165525e+01 -2.1021828935e+02 -3.3467373045e+00 -9.6554033728e+01 5.6809226985e+01 -1.4149194207e+01
5.9817721524e+01 4.8844190667e+01 -2.6650663224e+01 1.4982893125e+01 -3.7165242337e+01 1.1096264465e+01