-1.5898167344e+05 2.3655536908e+04 -7.0810086270e+01 -5.0578313363e+02 7.6780860457e+01 -1.4849030202e-01
-6.7596745019e+04 1.3600731936e+05 -8.6777457404e+02 -2.2399966569e+02 4.5423457182e+02 -3.1065550534e+00
3.6735412847e+04 -1.9234364304e+05 1.0216466758e+03 9.2040730499e+01 -4.8860845699e+02 2.6126546253e+00
5.5844232120e+04 -1.8098321516e+05 8.6842566939e+03 1.4481633109e+02 -4.7373303747e+02 2.2779371481e+01
1.8576720522e+05 -1.1036403997e+05 -2.4948961480e+04 4.2725869592e+02 -2.5503782937e+02 -5.7764669401e+01
-1.7687888150e+05 -2.9959546881e+04 -6.7177398619e+03 -4.9588072057e+02 -8.2608155040e+01 -1.8811375051e+01
1.0778365771e+05 -1.1365707889e+05 1.4769998146e+04 3.4524255577e+02 -3.6632344984e+02 4.7589237169e+01
-1.0840873134e+05 -1.8031698990e+05 8.7298326675e+03 -2.5926772700e+02 -4.2900866109e+02 2.0900658041e+01
9.0567401674e+04 -1.4586930009e+05 6.2555979319e+02 2.6532310559e+02 -4.2999662143e+02 1.9977267913e+00
-1.4823238424e+05 -1.1537834502e+05 -1.7013549041e+03 -4.0012969690e+02 -3.0979864119e+02 -4.6522640004e+00
-2.1110727447e+05 -2.9807608802e+04 9.3195654159e+03 -4.7437158410e+02 -6.5853147474e+01 2.1006665653e+01
1.8828691716e+04 -1.8621400887e+05 4.3392317980e+03 5.0213382766e+01 -5.0947360254e+02 1.1799720300e+01
-1.6511106618e+05 -6.4912471515e+04 1.6675237607e+04 -4.7058664612e+02 -1.8354287665e+02 4.7388713285e+01
1.0738216205e+05 -1.7564693789e+05 -1.9814770391e+04 2.5319108706e+02 -4.1635660674e+02 -4.7084569433e+01
-1.8093872311e+05 -1.1161596769e+04 -8.7644202335e+03 -4.9538088992e+02 -2.9213614177e+01 -2.4150010257e+01
1.6400238531e+05 2.8500703713e+04 8.6674964162e+03 4.8725363659e+02 8.3205514022e+01 2.5966197925e+01
-1.4961185261e+05 -1.2920832228e+05 7.8113960618e+02 -3.8045837947e+02 -3.2697097788e+02 1.8131558286e+00
-1.2836052745e+05 1.2589897347e+05 9.6776430534e+03 -3.5594748686e+02 3.5102925995e+02 2.7005455185e+01
1.5571171606e+05 8.7156654656e+04 1.1177333912e+02 4.3710330921e+02 2.4308377931e+02 3.8692734786e-01
-1.3653056023e+05 3.7209977940e+04 -8.7362026449e+03 -4.9225090112e+02 1.3589589860e+02 -3.1817571686e+01
1.7266666457e+05 -5.5960472632e+04 -4.8227833199e+02 4.8321989104e+02 -1.5799769225e+02 -1.4990277054e+00
4.2914215520e+04 -1.5256360476e+05 6.9170838987e+03 1.3515709660e+02 -4.8604599469e+02 2.1806666061e+01
-3.7330407315e+04 -1.6923990381e+05 1.3295536922e+04 -1.1033570950e+02 -4.9365227020e+02 3.8785453388e+01
7.3346440338e+04 1.7617784364e+05 2.3208780608e+02 1.9720727378e+02 4.7038959386e+02 5.7007234756e-01
-8.4270411742e+04 -1.8363152924e+05 2.4118150626e+03 -2.0754888639e+02 -4.4937839708e+02 5.8534025432e+00
1.7108544921e+05 2.2656433055e+04 1.6259784107e+04 4.9541504453e+02 6.4205100534e+01 4.6890140011e+01
-1.6891417637e+05 6.3492715564e+04 2.2727104599e+04 -4.7260823739e+02 1.7903087772e+02 6.3971060143e+01
1.7380254908e+05 -2.3674511763e+03 -5.4254916354e+03 5.0718343201e+02 -8.3115742066e+00 -1.5886819649e+01
1.4588088283e+05 1.2495492168e+05 1.1479663410e+04 3.8215173972e+02 3.2565768321e+02 2.9987746157e+01
-1.1451662861e+05 1.0841882671e+05 4.4229379618e+03 -3.6686852843e+02 3.4946025658e+02 1.4306298376e+01
1.9861548828e+05 -7.0416231441e+04 -1.0317151480e+04 4.6034577764e+02 -1.6439867494e+02 -2.4108486817e+01
-1.2416628220e+05 -1.2954332541e+05 -7.6758553586e+03 -3.4617840190e+02 -3.5921829408e+02 -2.1198242470e+01
1.3526430032e+05 1.2795179139e+05 -9.2231467638e+03 3.5168835756e+02 3.3103491088e+02 -2.3559283818e+01
-9.2714315929e+04 1.4022776344e+05 -1.0765709767e+04 -2.7397963721e+02 4.1692651497e+02 -3.1699845697e+01
1.5206781452e+05 1.0518614442e+05 9.9143042618e+03 4.0751520603e+02 2.8028524057e+02 2.6352788990e+01
2.9914665704e+04 1.8384204150e+05 -1.1513915693e+04 8.0713631089e+01 4.8785221477e+02 -3.0502384183e+01
1.0762418195e+05 -1.5031991129e+05 1.2293797417e+04 2.9559901942e+02 -4.1502874121e+02 3.4167278807e+01
1.1013111463e+05 -5.7350436505e+04 2.9495165491e+03 4.3809262357e+02 -2.3037615984e+02 1.1649802750e+01
5.3538293071e+04 -1.8741516359e+05 2.5799679880e+03 1.3869495905e+02 -4.9000527245e+02 6.6464692631e+00
-1.1338916478e+05 -1.6244411694e+05 -1.2320043293e+04 -2.8231476005e+02 -4.0258513775e+02 -3.1017690779e+01
1.8809781718e+05 3.1860679204e+04 1.0010874334e+04 4.9191338918e+02 8.2035939532e+01 2.6333518657e+01
3.2134019367e+04 -1.9013343889e+05 1.4316417230e+04 8.3360522345e+01 -5.0083097495e+02 3.7704958889e+01
1.9717701877e+05 -5.4516842982e+04 -1.5687002637e+04 4.7923498488e+02 -1.3371894984e+02 -3.8246309953e+01
-1.5257257788e+05 2.7411843222e+04 -7.2184474775e+02 -4.9909021821e+02 9.1270544834e+01 -2.3951754435e+00
-1.8678339356e+05 -9.7321086458e+03 -1.1131169266e+04 -4.9581260005e+02 -2.4536136221e+01 -2.9406935580e+01
9.9124881215e+04 1.7693499648e+05 -3.4968157772e+03 2.3562675490e+02 4.1826202044e+02 -8.0270860712e+00
1.5825989426e+05 1.2230903052e+05 2.9003637059e+03 3.9129805200e+02 3.0086664306e+02 7.2553806755e+00
1.9540994456e+05 -1.6431237727e+04 -1.1339599181e+04 4.7833783349e+02 -4.1327841705e+01 -2.7405099899e+01
-4.7756539716e+04 -1.8220143191e+05 4.1409983721e+03 -1.3084807814e+02 -4.9416202250e+02 1.1345062155e+01
-1.7677153710e+05 4.6105289477e+04 -2.8586540146e+03 -4.8718657222e+02 1.2845154144e+02 -7.8600029356e+00
1.6796438925e+05 -6.0474071420e+04 -1.7123512069e+04 4.7772038837e+02 -1.7344872098e+02 -4.8812635622e+01
9.0829794241e+03 1.9102530626e+05 -1.6441850182e+04 2.5163543712e+01 5.0286862957e+02 -4.3468032940e+01
-2.1436837214e+05 -3.6983595850e+04 -2.6825465728e+03 -4.8436149475e+02 -8.2487509831e+01 -6.1577894997e+00
-1.7364526886e+05 8.5962471306e+04 -6.0964948934e+03 -4.4654997059e+02 2.2241777747e+02 -1.5922342137e+01
8.0165337959e+04 -1.3469820451e+05 -3.6153147984e+03 2.5400836638e+02 -4.2985058793e+02 -1.1400340240e+01
-1.6917171294e+03 2.1737907062e+05 1.8912138799e+04 -2.7512579962e+00 4.9433420080e+02 4.2943504372e+01
5.8215283584e+04 1.4194427289e+05 1.5585105788e+04 1.9041978217e+02 4.6005421163e+02 5.0605098290e+01
-3.9079975825e+04 -1.9952312969e+05 1.3716177675e+04 -9.8891618382e+01 -4.9874712631e+02 3.4428445998e+01
-2.0896786259e+05 9.5748784019e+03 -1.3918942077e+04 -4.9432765714e+02 2.3777284183e+01 -3.3018282499e+01
4.9958371505e+04 -1.7749504350e+05 6.7442478560e+03 1.3335831905e+02 -4.7853619662e+02 1.8426786544e+01
1.6442429407e+05 1.0149890233e+05 -1.5225482487e+04 4.3340659901e+02 2.6611225066e+02 -4.0312499411e+01
-1.3246372208e+04 1.5907589659e+05 4.1283162952e+03 -3.9906415246e+01 4.9784890811e+02 1.2927109127e+01
1.7055607526e+05 8.6382407516e+04 -9.3383749362e+02 4.5298058255e+02 2.2801310383e+02 -2.6022433373e+00
-5.0574165708e+04 1.6377692751e+05 2.7890734692e+04 -1.4629236654e+02 4.7860991332e+02 8.1517353558e+01
-1.8965783304e+05 2.2508901824e+04 6.0752730951e+03 -4.9550699600e+02 6.0060442535e+01 1.6089059385e+01
-3.7571999531e+04 -1.3596872556e+05 -1.0327334236e+04 -1.3338166620e+02 -4.7619471369e+02 -3.6407114981e+01
2.0086916344e+04 -1.7296154095e+05 -1.3737679918e+04 5.6763159066e+01 -5.0073262213e+02 -3.9616730054e+01
-1.3651417019e+05 -1.2111638045e+05 5.6325203843e+03 -3.7736117989e+02 -3.3301759145e+02 1.5663252020e+01
-2.3047268635e+04 -1.8478260868e+05 -8.4227843563e+03 -6.2954709430e+01 -4.9408280839e+02 -2.2472045863e+01
-1.2023191835e+05 1.3651837256e+05 -3.2690013262e+03 -3.3578138855e+02 3.8328175126e+02 -9.2442525405e+00
1.9564084894e+05 -4.5386779941e+04 -2.6549303854e+04 4.8556328533e+02 -1.1383908519e+02 -6.6213204625e+01
-1.1965746791e+05 -6.0630338288e+04 5.1220057714e+03 -4.5136915102e+02 -2.2669942975e+02 1.9527214884e+01
1.9434501838e+05 -1.1834368595e+04 -1.6827562369e+04 5.0039345267e+02 -3.1712978072e+01 -4.3475909110e+01
-1.9806222432e+05 4.1026736769e+04 6.7507080828e+03 -4.7833666454e+02 1.0029462590e+02 1.6195326057e+01
1.1323513604e+05 -1.1929636541e+05 -9.8343844782e+02 3.4102259959e+02 -3.6144293675e+02 -2.8571919359e+00
-1.0053586366e+05 -9.7311106129e+04 -1.9451505538e+04 -3.6057535870e+02 -3.4660605305e+02 -6.9810370617e+01
-1.1090177514e+05 -1.2419395715e+05 6.3433045989e+03 -3.3047610806e+02 -3.6789056690e+02 1.8673119307e+01
1.7482905685e+05 -8.6162164223e+03 1.6060105451e+04 4.9418955661e+02 -2.5764598417e+01 4.5493198750e+01
-1.9024086224e+05 1.8993390400e+04 2.8471018480e+03 -5.0827454722e+02 5.2002676854e+01 7.7690383805e+00
-1.5448749509e+05 9.3442335000e+04 1.0900892466e+04 -4.3214650926e+02 2.6297016265e+02 3.0551988821e+01
-1.5358705009e+05 -1.9056301575e+04 -5.7456842405e+03 -5.0274516105e+02 -6.0828541681e+01 -1.9059925054e+01
4.3978521223e+04 -1.6633694651e+05 6.3042564498e+03 1.2805626121e+02 -4.8989856384e+02 1.8609387004e+01
2.0965796347e+05 -2.4008526561e+04 -5.5102778162e+03 5.0262852661e+02 -5.8698594466e+01 -1.3290456028e+01
1.8691644979e+05 1.1444707129e+03 -2.6727429727e+04 4.9986045454e+02 1.7506016482e+00 -7.1514314393e+01
-1.8691545610e+05 -3.0903426681e+04 -2.0464749989e+04 -4.8539273009e+02 -7.8963341189e+01 -5.3337844329e+01
1.7764619635e+05 1.0706714665e+05 1.3211052239e+04 4.2675330355e+02 2.5584473076e+02 3.1719298452e+01
-5.4284735871e+03 1.8077641234e+05 -9.4602723705e+03 -1.3921456621e+01 5.0626746219e+02 -2.6786453142e+01
-5.6198608274e+03 -1.8320996043e+05 8.5443706834e+03 -1.6931952797e+01 -5.0906404288e+02 2.3635655136e+01
3.3140078248e+04 2.0235519997e+05 -4.6621762999e+03 8.0689183392e+01 4.8539565150e+02 -1.1107349679e+01
-1.2976311768e+05 -5.8901061868e+04 -2.6204902363e+03 -4.6437527531e+02 -2.0890619925e+02 -9.3294154829e+00
9.7292883613e+04 1.6917944405e+05 -1.7151383827e+04 2.4985329636e+02 4.3195318778e+02 -4.3876338366e+01
1.4341295969e+05 -1.1084078724e+05 5.9839076569e+03 4.0411289398e+02 -3.1402379394e+02 1.6860251689e+01
1.8255785982e+05 -5.7849097569e+04 -2.2912339886e+04 4.6992871019e+02 -1.5023383924e+02 -5.9213745467e+01
1.4908109702e+05 4.8295448481e+04 5.9205228077e+03 4.7534764503e+02 1.5235128029e+02 1.8727718784e+01
1.5862594441e+05 -1.0552917335e+05 8.4064320729e+02 4.2328585994e+02 -2.8313166978e+02 2.2270874203e+00
-2.1595657723e+05 -1.2638069152e+04 -3.7490480387e+04 -4.8519514455e+02 -2.7282382955e+01 -8.4101991865e+01
-1.2959685975e+05 1.1005242376e+05 -2.2155577544e+04 -3.7760313082e+02 3.2256114994e+02 -6.4783340372e+01
1.8149529758e+05 -5.9570540766e+04 -8.8943306304e+03 4.8468418505e+02 -1.6041559619e+02 -2.3869171613e+01
-6.9094666277e+04 -1.9314373327e+05 -6.6554647168e+03 -1.7027998486e+02 -4.7255994323e+02 -1.6111023873e+01
5.1179024587e+04 -1.7066248121e+05 8.3791425979e+03 1.4439802714e+02 -4.8619412207e+02 2.3710098698e+01