-1.0207038528e+05 -1.0666232455e+05 -5.4664474808e+03 -3.2411810630e+02 -3.3642536091e+02 -1.7309514814e+01
-7.1106274145e+04 7.8820549795e+04 3.6443839157e+02 -3.1670656032e+02 3.5422410755e+02 1.8709424768e+00
-1.1402131876e+05 1.2486889030e+05 -1.7427690979e+03 -3.1469681786e+02 3.4666934698e+02 -4.8350081236e+00
4.4113682514e+04 1.5083487817e+05 1.8603171516e+03 1.3175075444e+02 4.4524237390e+02 5.5934010113e+00
-1.5073639837e+05 -1.1312442064e+05 1.0776226814e+04 -3.6193219787e+02 -2.7016031853e+02 2.5565362942e+01
1.4020099769e+05 5.2831465756e+04 -6.6957255246e+03 4.3651121303e+02 1.6283214288e+02 -2.0854648099e+01
1.1971243523e+05 -7.5572928904e+04 1.4756503227e+04 3.9545611233e+02 -2.5157093126e+02 4.8966220342e+01
-1.5431618738e+05 1.0886453126e+05 -2.6186003730e+03 -3.8703702556e+02 2.7452476712e+02 -6.6878288726e+00
-1.1289027572e+05 -7.2966983703e+03 -7.7670194644e+03 -4.6518799586e+02 -2.8013547936e+01 -3.2018266681e+01
1.0923281357e+05 1.1045586080e+05 -5.3570929089e+03 3.2916141866e+02 3.3072388554e+02 -1.6097025547e+01
-1.7718076812e+05 9.8329231223e+04 1.9391544786e+03 -4.0480782619e+02 2.2595761780e+02 4.5206179506e+00
7.2840545700e+04 -1.1921826802e+05 3.5238154299e+03 2.4425051045e+02 -4.0290622825e+02 1.1994168109e+01
9.7467891624e+04 1.1005313560e+05 -7.6152447792e+03 3.0693903607e+02 3.4423330276e+02 -2.3678757084e+01
-1.6914394390e+05 -8.2273092625e+04 -2.4789677937e+04 -4.1987380456e+02 -2.0285967894e+02 -6.1508507122e+01
1.1586293335e+05 1.0308932906e+05 8.6008126633e+02 3.5172903522e+02 3.1098980759e+02 2.4465584077e+00
-1.3418374427e+05 2.2647235561e+04 -1.0341957299e+04 -4.5707211873e+02 7.8862834248e+01 -3.5117066523e+01
6.0985424523e+04 1.5774724203e+05 1.1857110488e+04 1.7007253524e+02 4.3617126071e+02 3.2980544884e+01
-1.2487072324e+05 5.8925343313e+04 -7.8297683749e+03 -4.2848184773e+02 2.0403125338e+02 -2.6914285743e+01
2.8424472886e+04 1.3351789281e+05 7.0556545514e+02 9.8527003826e+01 4.5466469317e+02 2.4832792398e+00
9.6026288763e+04 6.0011800333e+04 -1.1561931856e+04 4.0085744906e+02 2.4814121774e+02 -4.8340107605e+01
1.7524642413e+03 1.4471726828e+05 1.0220179504e+04 7.3281194343e+00 4.7441668850e+02 3.3539015416e+01
-3.4158435701e+04 9.0165939603e+04 5.7853508149e+03 -1.6337002260e+02 4.3791586010e+02 2.7829010824e+01
3.0637925237e+04 1.3472528429e+05 4.3708034050e+03 1.0498010771e+02 4.5416768305e+02 1.4591112731e+01
-1.1605877798e+05 -1.0472500663e+05 3.3883054385e+03 -3.5229938102e+02 -3.1591700674e+02 1.0241929890e+01
-1.1487694839e+05 1.4074674644e+05 1.7090715257e+03 -3.0041886309e+02 3.7005810979e+02 4.4272952038e+00
-1.3776953743e+05 1.3874216605e+04 -1.7346353947e+03 -4.6010778082e+02 4.7941257997e+01 -6.1289725288e+00
-1.2601028652e+05 -5.4525390279e+04 2.0059325920e+04 -4.2970702384e+02 -1.8414503750e+02 6.8583020447e+01
6.8572998278e+04 -1.3658975591e+05 -5.1144358434e+02 2.1165922351e+02 -4.2493415583e+02 -1.5190247755e+00
-1.1265047743e+05 -1.1791512939e+05 -4.1311886581e+03 -3.2801271126e+02 -3.4132611738e+02 -1.2131053945e+01
-8.5442589304e+04 7.1275612403e+04 -3.3261504892e+03 -3.6289167376e+02 3.0539810507e+02 -1.4283771979e+01
-2.0798076677e+04 -1.9308645120e+05 1.3969760973e+04 -5.1318331933e+01 -4.6539607627e+02 3.3592324828e+01
9.8819736141e+04 1.1248768207e+05 1.1140129299e+04 3.0832999805e+02 3.4865281562e+02 3.4797776791e+01
-1.9255055817e+04 -1.6446931446e+05 -1.5520643878e+04 -5.5751032313e+01 -4.6552780191e+02 -4.4403985202e+01
1.3157068788e+05 -5.2856063249e+04 1.2326154725e+04 4.3865537655e+02 -1.7787965932e+02 4.1517082661e+01
-1.3258139963e+05 6.8475093540e+04 -1.8982210828e+03 -4.1481379670e+02 2.1593326212e+02 -6.1887391529e+00
1.2317904533e+05 -1.0850168337e+05 -1.2177746660e+04 3.5108634301e+02 -3.1113171615e+02 -3.4766145047e+01
-2.6082519850e+04 -1.3103795621e+05 -1.6225318946e+04 -9.3139478076e+01 -4.5914782531e+02 -5.7073554865e+01
5.2506079031e+04 3.4548336151e+04 -3.3874212674e+02 3.9639662843e+02 2.5646926019e+02 -2.7665416145e+00
-1.7108439790e+05 -5.6649750103e+03 7.6187280328e+03 -4.7709975670e+02 -1.4467120037e+01 2.1346428664e+01
8.7187817514e+04 1.4529758160e+05 -2.3111224161e+04 2.3529544723e+02 3.8957555609e+02 -6.1803001068e+01
-8.3442775121e+04 1.3056378370e+05 -7.9200010613e+03 -2.4933799532e+02 3.9288645480e+02 -2.3948039775e+01
1.2687771606e+05 8.9069722473e+04 7.0854049650e+03 3.8813437848e+02 2.7069075641e+02 2.1792455781e+01
-1.6687435602e+05 5.4841669925e+04 1.1471946702e+04 -4.4104471027e+02 1.4632760940e+02 3.0284514054e+01
-7.7178486949e+04 7.1936813929e+04 -1.2195559854e+03 -3.4417918750e+02 3.2377964626e+02 -5.4864389049e+00
9.0520413260e+04 -1.2404261014e+05 1.1286154754e+04 2.7522541307e+02 -3.7967725287e+02 3.4354593135e+01
6.3320097856e+04 -1.7083582825e+05 3.7764231972e+03 1.5911057151e+02 -4.3273439740e+02 9.8252792416e+00
-7.4945303562e+04 -1.5903757865e+05 -9.3783866372e+02 -2.0378243910e+02 -4.2941034730e+02 -2.4442423279e+00
4.0463821978e+04 -1.7714271746e+05 1.0402664469e+04 1.0271721073e+02 -4.5464795604e+02 2.7123786279e+01
-1.3266139795e+05 9.1089627342e+04 -8.6761495359e+03 -3.8459261819e+02 2.6582376496e+02 -2.5234896559e+01
-1.1032745963e+05 -8.7434007544e+04 -2.0549823763e+03 -3.6642782082e+02 -2.8829253654e+02 -6.8528592853e+00
8.5279057657e+04 1.0738703860e+05 1.1196557252e+04 2.9176594985e+02 3.6471912160e+02 3.8313141891e+01
-6.5579467734e+04 -1.4585846288e+05 -1.0823026708e+04 -1.9332713887e+02 -4.2649512975e+02 -3.1570778980e+01
-1.7061296019e+05 1.1093849819e+05 5.5608938417e+03 -3.9194152153e+02 2.5618517792e+02 1.2730276936e+01
1.5733593173e+05 -5.3394561313e+04 2.4293964445e+03 4.4533951764e+02 -1.5255817386e+02 6.6850098092e+00
3.6162070998e+04 1.1961351394e+05 -5.5723134768e+03 1.3933174091e+02 4.5458998597e+02 -2.1353625040e+01
1.2699785833e+05 1.5995288043e+05 -6.8304281137e+03 2.9681707329e+02 3.7207626313e+02 -1.6111852374e+01
-1.1675725810e+05 -2.4347556504e+04 -5.6790901942e+03 -4.6447945575e+02 -9.4941132147e+01 -2.2854564099e+01
-2.4557297809e+04 1.7133032789e+05 -1.3649242472e+04 -6.5608388920e+01 4.6710530701e+02 -3.7190972558e+01
-9.4170836235e+04 1.6791311186e+05 -1.1072033691e+04 -2.2756122608e+02 4.0820244396e+02 -2.6824579384e+01
8.8416570467e+04 1.2002755190e+05 -2.8869932902e+03 2.7598220245e+02 3.7210780464e+02 -9.2262151086e+00
-1.5478806112e+05 -4.2718541567e+04 1.7575574667e+04 -4.5713427947e+02 -1.2469988735e+02 5.2058072763e+01
-1.2066246721e+05 -1.3800941957e+04 -1.6351992530e+03 -4.6476102547e+02 -5.1242605243e+01 -6.2511683172e+00
-1.5103870800e+05 -4.8802733121e+04 -1.0409039471e+04 -4.4644292237e+02 -1.4272021049e+02 -3.0770022323e+01
-1.3582073144e+04 -1.3581714785e+05 -1.2640869003e+03 -4.8247263728e+01 -4.6647757678e+02 -3.9923740273e+00
1.4117709773e+05 -7.6686159338e+04 1.6954701988e+04 4.0948041155e+02 -2.2406979408e+02 4.9247601455e+01
-1.2174925555e+05 -9.3194012360e+02 -1.1794380108e+04 -4.7353531812e+02 -1.7422210602e+00 -4.5930063828e+01
1.3378430012e+05 6.2733133643e+03 -7.7721609461e+03 4.6894852043e+02 2.0323611443e+01 -2.7539551303e+01
1.2256812226e+05 8.8962785694e+04 -4.8855766673e+03 3.8493385089e+02 2.7753680233e+02 -1.5226207505e+01
-2.2150033714e+04 1.5586311991e+05 5.5893116924e+03 -6.4500775940e+01 4.6423956191e+02 1.6763518788e+01
1.5278337742e+05 -9.7132804662e+02 -5.2913626606e+03 4.6679811594e+02 -4.4856591324e+00 -1.6136120253e+01
-1.5069543789e+05 -8.7687398904e+04 -2.7929891760e+04 -4.0219578470e+02 -2.3252615572e+02 -7.4644016549e+01
8.9873127446e+04 4.1066920663e+04 7.1098229591e+03 4.3058587596e+02 1.9420118706e+02 3.3942346656e+01
-1.6142282142e+05 3.0915094645e+04 -7.7501990042e+03 -4.6089642921e+02 8.9680825120e+01 -2.2010270320e+01
-3.3440627085e+04 1.8586085947e+05 -1.4457008499e+03 -8.3421600441e+01 4.7038165730e+02 -3.8065857903e+00
-4.5632957679e+02 -1.1682235850e+05 1.8941931721e+03 -3.8016019160e+00 -4.7506418014e+02 7.5912690417e+00
1.6906046838e+04 -9.4507790895e+04 1.1068061627e+04 8.0724718369e+01 -4.6447969079e+02 5.4781351495e+01
1.1909484846e+05 -5.7154403576e+04 -1.2532479634e+04 4.2515902639e+02 -2.0596515414e+02 -4.4850755239e+01
1.1644950923e+05 6.8005151839e+04 -1.0577544652e+04 4.0906690748e+02 2.3692010575e+02 -3.7045032140e+01
-8.4946178245e+04 -1.2024175045e+05 2.5230881819e+03 -2.7000922993e+02 -3.7949973341e+02 7.8416437986e+00
-1.1917363428e+05 -6.9815003374e+04 3.2958406733e+02 -4.0297273347e+02 -2.3414154785e+02 1.2484930584e+00
2.9494769494e+04 9.7167099041e+04 -7.3399825061e+03 1.3939572897e+02 4.5153921508e+02 -3.4428020815e+01
-8.5867557397e+04 -8.4720235074e+04 3.0017830576e+03 -3.3546614563e+02 -3.2829843358e+02 1.1629705687e+01
6.9362192202e+04 -1.7800020558e+05 4.7168435061e+03 1.7074879476e+02 -4.4151630009e+02 1.1761863369e+01
-1.5544292331e+05 -1.8569592265e+04 -3.5147370910e+02 -4.6277547974e+02 -5.3861301746e+01 -7.6483911059e-01
-1.3749996461e+05 -5.5931559121e+04 -1.3596300840e+04 -4.3906082406e+02 -1.7697792068e+02 -4.3632834200e+01
2.8986874322e+04 -1.8376272360e+05 -1.0269863231e+03 7.2664278395e+01 -4.6846760205e+02 -2.5111943064e+00
-1.4269696183e+05 -3.3765447304e+03 1.5768354656e+04 -4.6808317252e+02 -9.4656094074e+00 5.1631926636e+01
1.0828418839e+05 9.6760058724e+04 -9.2193654998e+03 3.4980264784e+02 3.1045020907e+02 -2.9608208951e+01
-1.2906011283e+04 -1.7868645949e+05 -6.1639610437e+03 -3.5140937072e+01 -4.6883293769e+02 -1.6114078130e+01
9.4518474580e+04 6.1534139631e+04 3.1847803770e+03 3.9477632478e+02 2.5457199651e+02 1.3273624278e+01
-1.6843819781e+04 -1.6777607066e+05 9.0331957368e+03 -4.8337153642e+01 -4.6788083050e+02 2.5096384131e+01
-1.4098900485e+05 -5.9221731416e+04 -2.7429052079e+03 -4.3849530017e+02 -1.8256736957e+02 -8.4461729972e+00
-7.4244383800e+04 -1.5475000415e+05 2.0111100739e+04 -2.0511054205e+02 -4.2442536332e+02 5.5168151895e+01
1.1700863999e+05 7.8464258863e+04 3.0357376681e+03 3.9174526298e+02 2.6076160412e+02 1.0331007760e+01
-7.1867486737e+04 1.3744426600e+05 1.9387305026e+03 -2.1629585561e+02 4.1686827923e+02 5.8701270934e+00
-1.8810445604e+05 7.0949273600e+04 8.1205809943e+03 -4.3233634263e+02 1.6419533312e+02 1.9022233956e+01
6.4857315356e+04 -1.2297055443e+05 1.5313066113e+04 2.1931581495e+02 -4.1930012664e+02 5.2363186141e+01
1.4101450573e+05 3.9832100427e+04 9.0420926787e+02 4.5837849953e+02 1.2787216822e+02 3.0584168286e+00
1.1825792568e+05 1.2330705554e+05 -6.7508811336e+03 3.2320354890e+02 3.3511294769e+02 -1.8625147643e+01
8.9987963347e+04 -9.9918110147e+04 4.2957754157e+03 3.1719146743e+02 -3.5467791630e+02 1.5441386588e+01