2.5800716076e+04 -1.3561924988e+05 4.9583887397e+02 9.1109750535e+01 -4.8823735823e+02 1.8706949551e+00
6.5564198029e+04 -1.2293669166e+05 1.0552746004e+04 2.2969847815e+02 -4.3440630981e+02 3.7186087360e+01
-1.4873967965e+05 -1.2024311323e+05 -1.7600934659e+03 -3.8475604567e+02 -3.0941235691e+02 -4.5421273557e+00
-7.7109818245e+04 -1.7048917393e+05 -4.4855159507e+03 -2.0475418813e+02 -4.4958370414e+02 -1.1942316813e+01
1.3264293307e+05 -1.6471274897e+05 2.8783998594e+04 3.0312717930e+02 -3.7819598682e+02 6.5837369341e+01
-5.0277792709e+04 1.6693226457e+05 -4.1286724605e+03 -1.4347794157e+02 4.8112292178e+02 -1.1833515542e+01
1.3103526523e+05 1.6938418061e+04 1.0911410860e+04 4.9205647416e+02 6.1774214353e+01 4.1115781232e+01
-2.0080854375e+05 2.2206491473e+04 -2.1626160961e+03 -4.8272955143e+02 5.4587342793e+01 -5.3073408909e+00
-1.2433322634e+05 -1.0979184733e+05 1.0303821863e+04 -3.6852257246e+02 -3.2347111508e+02 3.0574110524e+01
8.4715183470e+03 1.7864313731e+05 5.4983160625e+03 2.5142578403e+01 5.0190207958e+02 1.5472370087e+01
-2.0602142980e+05 4.8358694481e+04 7.4528617699e+02 -4.6575163852e+02 1.1046475918e+02 1.5996109331e+00
-1.6111412168e+05 -7.7582013076e+04 -3.0601081272e+03 -4.4293915584e+02 -2.1178468821e+02 -8.5062303508e+00
1.6516580230e+04 1.6714603729e+05 -1.9600962372e+04 5.0230875041e+01 4.9370367636e+02 -5.7952860085e+01
2.8129381766e+04 -2.0299631863e+05 4.1679711120e+02 6.5981024607e+01 -4.8431003185e+02 1.2101970741e+00
7.5371071726e+04 1.5728756292e+05 1.2511536355e+04 2.1656221216e+02 4.4873973118e+02 3.5735195651e+01
-2.0086184681e+04 -1.5852638421e+05 4.6383988386e+02 -6.3436373376e+01 -4.8893643092e+02 1.1971570856e+00
-1.4564372811e+05 1.2260871164e+05 1.7344758434e+04 -3.7521918922e+02 3.1754165120e+02 4.4850634150e+01
-1.0080341114e+05 1.5084943881e+05 -3.1987967463e+03 -2.7763498907e+02 4.1783367455e+02 -8.7340761119e+00
1.3102505160e+05 -1.1337564857e+05 1.8311876682e+03 3.7057136398e+02 -3.2250881382e+02 5.1258816915e+00
-4.1829792012e+04 -1.1206645619e+05 9.3381154408e+03 -1.7385559359e+02 -4.6000520905e+02 3.8268763749e+01
3.2763712263e+04 -1.7371012203e+05 -3.7889382846e+03 9.1492109247e+01 -4.9233040883e+02 -1.0605501706e+01
-1.4353396943e+05 -4.9794787276e+04 -1.2571579546e+04 -4.6004463677e+02 -1.5793784511e+02 -4.0497145521e+01
9.7593515804e+04 1.2604563296e+05 9.0103611065e+02 3.0762531524e+02 3.9489893824e+02 3.0320819511e+00
1.7514092600e+05 -5.1799673276e+04 4.5786950536e+03 4.7646212043e+02 -1.4229756859e+02 1.2483503617e+01
-1.7591179399e+05 -9.3940528821e+04 -6.2366889378e+03 -4.3523090148e+02 -2.3105401303e+02 -1.5392931246e+01
-1.4383965117e+05 -6.8690790880e+04 7.3127085026e+03 -4.4055555005e+02 -2.0877765114e+02 2.2078825448e+01
1.5786487976e+04 1.7330183240e+05 2.7905725524e+04 4.5805981336e+01 4.8740209099e+02 7.8484935485e+01
-1.5786668625e+05 1.5023360488e+04 3.2561271609e+03 -4.9576946853e+02 4.8704752770e+01 1.0183694790e+01
1.8144472200e+05 -4.4878879321e+04 -1.2443826987e+04 4.7877545611e+02 -1.1975704633e+02 -3.2896802414e+01
1.4743149335e+05 2.0991739796e+03 5.9907611157e+03 4.9020661326e+02 5.3276542329e+00 1.9929934824e+01
1.3622144321e+05 -1.5868352642e+05 -7.5042354628e+03 3.1754045184e+02 -3.7162094430e+02 -1.7397036534e+01
-1.2571660291e+05 1.1743676036e+05 -1.5844450879e+04 -3.5561433400e+02 3.3412548032e+02 -4.5040332335e+01
1.7917952355e+05 -3.9857076694e+04 2.5575100304e+04 4.6927952712e+02 -1.0567759950e+02 6.6776006916e+01
1.3226766622e+05 -8.0861551955e+04 -4.2448186867e+02 4.1470139066e+02 -2.5525727227e+02 -9.8229038142e-01
1.2808719776e+05 -1.2872798664e+05 3.9791498069e+03 3.5042668521e+02 -3.5399386977e+02 1.0697215945e+01
7.9185046704e+04 1.6735653670e+05 -3.9549080159e+03 2.1181147761e+02 4.4464671883e+02 -1.0381458621e+01
5.8574546673e+04 -1.7205813478e+05 -9.9252522427e+03 1.5821627204e+02 -4.6869729548e+02 -2.7296749312e+01
2.6389977704e+04 1.3436714611e+05 5.3669239724e+03 9.5825704208e+01 4.7869010106e+02 1.9247492708e+01
-1.6728986386e+05 -7.8558360666e+04 9.9400035377e+03 -4.4567947160e+02 -2.0784275136e+02 2.6503047483e+01
-1.8618846167e+05 -5.8587942527e+04 -3.1532541291e+04 -4.6349701031e+02 -1.4464742882e+02 -7.8815704712e+01
1.6451559024e+05 -9.1417030014e+04 1.5310766256e+04 4.3049094898e+02 -2.4068337698e+02 4.0216724655e+01
-1.5306922703e+05 -1.0655029326e+05 -1.4162396549e+04 -4.0793792763e+02 -2.8238280359e+02 -3.7748684755e+01
2.0378647138e+05 -1.5706303224e+04 1.2076186375e+04 4.8950371465e+02 -3.8897525542e+01 2.9144821534e+01
7.9967769687e+04 1.2301614643e+05 1.1675098582e+03 2.6975170076e+02 4.1192704766e+02 3.8993400651e+00
-1.4757484424e+05 1.0742747319e+05 1.9121655849e+03 -3.9194695625e+02 2.8692304240e+02 5.3063222470e+00
1.0460376166e+05 1.7763379375e+05 3.5497164960e+03 2.4867821112e+02 4.2016010958e+02 8.6912534965e+00
1.9831194596e+05 1.7654539588e+04 4.7528360919e+03 4.9357968732e+02 4.2728479104e+01 1.1753451009e+01
5.9672363307e+04 -1.8467335630e+05 -4.0323565544e+04 1.4736288109e+02 -4.5993815326e+02 -1.0063600111e+02
-1.0068776103e+05 1.4524117818e+05 -7.9707366491e+03 -2.8413361099e+02 4.1223905344e+02 -2.2586728946e+01
-9.0572449894e+04 1.5459649198e+05 6.7016206011e+01 -2.4938641384e+02 4.2834202853e+02 2.3443416485e-01
6.4127356724e+04 -1.6106671176e+05 -1.0331957652e+04 1.8192995643e+02 -4.6066753069e+02 -2.9392585606e+01
1.2794734990e+03 1.8951140052e+05 1.3347840617e+04 4.5746199965e+00 4.9273918778e+02 3.4904115900e+01
-2.0767502629e+05 4.2971650472e+04 -5.9981768036e+03 -4.6940630526e+02 9.8247115661e+01 -1.3660777429e+01
-9.8318048483e+04 1.6390254020e+05 -1.6141522426e+04 -2.5266841872e+02 4.2362512281e+02 -4.1847005085e+01
-6.5701124373e+04 -1.4003446078e+05 4.6806623192e+03 -2.1351859516e+02 -4.5145271897e+02 1.5006089020e+01
1.2184546577e+05 1.7474622165e+05 -2.3086217876e+04 2.8009870418e+02 3.9975753780e+02 -5.2989043738e+01
6.9656855467e+04 -1.2667658271e+05 -1.4376570006e+04 2.3464041883e+02 -4.3020310149e+02 -4.8815239491e+01
-1.7138628137e+05 -9.8381915774e+04 -5.8553159532e+03 -4.3313184747e+02 -2.4725628616e+02 -1.4937990548e+01
-1.6934438515e+05 1.1199804065e+05 -1.4598814402e+04 -4.0076657821e+02 2.6645748061e+02 -3.4625900524e+01
-1.7318104810e+05 -4.9947717091e+04 1.3011069311e+04 -4.7917788588e+02 -1.3685398287e+02 3.6225204808e+01
1.5590566221e+05 -9.8746056252e+04 6.3354633371e+03 4.1398200798e+02 -2.6369911278e+02 1.7103677951e+01
1.0847298632e+05 -1.0499678561e+05 5.9341934639e+02 3.5582929547e+02 -3.4664517370e+02 2.0172639924e+00
1.3230344259e+05 -1.2590539232e+05 -3.2270253457e+03 3.5389789238e+02 -3.3860906361e+02 -8.5451966705e+00
6.1058903966e+04 -1.4590716586e+05 2.1745617712e+04 1.8715198094e+02 -4.5118726980e+02 6.7053504987e+01
-1.5803756483e+05 1.0602475932e+05 1.4687529669e+04 -4.1322089802e+02 2.7871952606e+02 3.8649737979e+01
1.4645550668e+04 1.2926016089e+05 7.7891541511e+03 5.7991048086e+01 4.9553641578e+02 2.9740927368e+01
-1.5831354220e+05 4.2807898954e+04 -1.2468140463e+03 -4.7137022053e+02 1.2893201293e+02 -3.4435611331e+00
-8.8537118441e+03 1.7103333393e+05 3.0068750211e+02 -2.3901550367e+01 4.8898484344e+02 7.3202861796e-01
-1.7430581541e+05 3.6952118977e+04 -3.7865684163e+03 -4.7830536575e+02 1.0278614011e+02 -1.0291087036e+01
1.6097490694e+05 -5.4582609050e+04 -4.3074715468e+03 4.7496013939e+02 -1.6253073507e+02 -1.2803649945e+01
1.0431441225e+05 -1.6321382901e+05 7.5797731432e+03 2.6038739374e+02 -4.0955490598e+02 1.9326326247e+01
-1.0963104960e+05 -1.8153732768e+04 -8.0659119347e+03 -4.9151578888e+02 -7.9189203049e+01 -3.6155793333e+01
1.4927197314e+05 -1.1995629469e+05 -1.8185628575e+04 3.8452192264e+02 -3.1062607094e+02 -4.6972021609e+01
-1.2876321375e+05 1.5574863835e+05 1.1393076168e+04 -3.1488154186e+02 3.8269708638e+02 2.8085567245e+01
-4.9287007461e+04 -1.5521494246e+05 3.2541552731e+03 -1.5212676988e+02 -4.7422042143e+02 9.8504967604e+00
8.1897359361e+04 -8.9996565712e+04 9.2884948258e+03 3.2728547145e+02 -3.6247771932e+02 3.7717452585e+01
-1.0541186253e+05 1.2023645512e+05 -3.4373159456e+03 -3.2137722035e+02 3.6882798743e+02 -1.0743137472e+01
1.6624988268e+05 -5.1363105785e+04 6.9300074044e+02 4.6703350332e+02 -1.4572409438e+02 2.1425964266e+00
-1.1268685813e+05 1.4594867979e+05 -1.1839450068e+04 -2.9888244258e+02 3.8926391710e+02 -3.1461333835e+01
2.7084434028e+04 1.7295994085e+05 -1.0831804113e+04 7.8120743631e+01 4.8995200499e+02 -3.0745687661e+01
-1.5111510466e+05 -4.0070282813e+04 3.9839631269e+03 -4.7936998241e+02 -1.2555119208e+02 1.2411715059e+01
-6.1780403762e+04 -1.5809059399e+05 8.1638999330e+02 -1.8229881895e+02 -4.6258975493e+02 2.4808333283e+00
8.2466386226e+04 -1.8673890276e+05 7.6795880487e+03 1.9976514679e+02 -4.5523446879e+02 1.8695733055e+01
1.3270640568e+05 -1.2241876250e+05 -1.5908860290e+04 3.5507558692e+02 -3.2934476490e+02 -4.2487975281e+01
-1.8672800032e+05 -3.0441039378e+04 1.4556953479e+04 -4.7878270706e+02 -7.6790052086e+01 3.7562917353e+01
2.0298346258e+05 2.0572472330e+04 1.1098372330e+04 4.8783483458e+02 4.8257280128e+01 2.6637185493e+01
1.2964191023e+05 1.1630269405e+05 1.3684484545e+04 3.6262848692e+02 3.2347167567e+02 3.8002170665e+01
-1.2962700712e+05 1.1455693735e+05 -1.3064785359e+04 -3.7247864728e+02 3.3103443857e+02 -3.7616503090e+01
1.3311818967e+04 2.0731821354e+05 -1.0417952496e+04 3.2908227783e+01 4.9451308741e+02 -2.4932767679e+01
-8.4290620570e+04 1.0751568521e+05 1.9739574661e+03 -3.0505326667e+02 3.9197109714e+02 7.1256748676e+00
1.5548121756e+05 1.1409655288e+05 -1.2470840497e+04 3.9905769123e+02 2.9129959666e+02 -3.1872342353e+01
-7.7835762088e+04 1.4393799621e+05 2.7125764860e+03 -2.3469065622e+02 4.3708771074e+02 8.3283722253e+00
-3.0578449830e+03 -1.8733454075e+05 -2.3447111457e+04 -9.3507694537e+00 -4.9449405755e+02 -6.2029468134e+01
-1.1333268925e+05 -2.8520486867e+04 -3.8424090401e+03 -4.7768192742e+02 -1.1808457632e+02 -1.6015502880e+01
-8.8296913635e+04 -1.5921824609e+05 2.1159218070e+03 -2.4158653502e+02 -4.3289052160e+02 5.7771416414e+00
-2.0788711585e+05 5.4682311744e+04 4.0634825249e+04 -4.6986685778e+02 1.2472076963e+02 9.2120967709e+01
1.2123945499e+05 1.1073046440e+05 1.6016874915e+04 3.6842502458e+02 3.3454781284e+02 4.8786862250e+01
1.0477693849e+05 -1.5321433104e+05 2.7175323701e+03 2.7769097225e+02 -4.0836931203e+02 7.1290077035e+00
-1.4561959447e+05 -1.4169429100e+05 2.9488404179e+03 -3.5789400354e+02 -3.4665159058e+02 7.4638540297e+00
-9.3391113472e+04 -1.4644813415e+05 -4.8619682452e+03 -2.6788943907e+02 -4.1757094733e+02 -1.4111795301e+01