-3.7348229462e+04 -1.6005950781e+05 -4.5858089921e+03 -1.1591881766e+02 -4.9030151101e+02 -1.4122675857e+01
-2.2592760442e+04 1.4532331522e+05 8.9357760383e+03 -7.5721239039e+01 4.9772344440e+02 3.0506003818e+01
2.2634012466e+04 -1.9444311826e+05 -1.6477945374e+03 5.6990659942e+01 -5.0026830535e+02 -4.2542986428e+00
1.2316593577e+04 -1.8815366445e+05 3.1302537181e+03 3.1611388478e+01 -5.0236319453e+02 8.4591323786e+00
1.4213507063e+05 -1.4906281506e+05 -2.6126539475e+04 3.2664593015e+02 -3.4416981258e+02 -6.0470045750e+01
-1.7176448802e+05 2.6343364213e+04 4.4725014611e+03 -4.8469168313e+02 7.5761369273e+01 1.2705412278e+01
1.3588614099e+05 8.4917260578e+04 1.4547136083e+04 4.2478876390e+02 2.6368126426e+02 4.5556040395e+01
-1.1780586344e+05 -1.7253874704e+05 7.1030211389e+03 -2.8332806623e+02 -4.1291829781e+02 1.6962546027e+01
-4.0880527042e+04 -1.5991494221e+05 -9.5658552866e+02 -1.2667782574e+02 -4.8971065931e+02 -3.0918324159e+00
-1.4456382011e+05 -1.1392034879e+05 -5.7095425499e+03 -3.9285027776e+02 -3.0788985426e+02 -1.5480206893e+01
-2.0758400707e+05 -6.2327943216e+04 5.6095393907e+03 -4.6906477228e+02 -1.3971331217e+02 1.2608305118e+01
-8.1483414046e+04 -1.5973539005e+05 8.1066219708e+03 -2.2916055407e+02 -4.4625390733e+02 2.2671102934e+01
-1.5362421848e+05 -8.2731706670e+04 -1.3394296417e+04 -4.4079020706e+02 -2.3585049678e+02 -3.8639399032e+01
8.5696251614e+04 -1.8490563431e+05 -1.1466983630e+04 2.0302931841e+02 -4.4081885182e+02 -2.7157574078e+01
-1.7874776930e+05 -1.1108197630e+04 -1.1564496481e+04 -4.9259817913e+02 -2.9246785165e+01 -3.1800723245e+01
1.6388836299e+05 1.9551348757e+04 -1.2898033686e+04 4.9403421418e+02 5.7474134278e+01 -3.9077122865e+01
-1.7616968233e+05 -7.8843385792e+04 -1.8282217674e+04 -4.5070048181e+02 -2.0031746898e+02 -4.6733846830e+01
3.6206122926e+04 1.6761856569e+05 7.5048991531e+03 1.0524191681e+02 4.8047206363e+02 2.1460323425e+01
1.7054270013e+05 -2.0638100820e+04 -3.9268686334e+03 4.8897889063e+02 -6.0609776376e+01 -1.1217935841e+01
-1.2463177816e+05 -6.6619556598e+04 1.4035152778e+04 -4.4471066765e+02 -2.3578387331e+02 5.0186625958e+01
1.1290877253e+05 -1.3134524841e+05 7.0278691274e+03 3.2007755257e+02 -3.7448859480e+02 2.0131608736e+01
-1.0169630896e+05 -1.0810481735e+05 -6.0509361624e+03 -3.3957670384e+02 -3.5862353708e+02 -1.9914425199e+01
1.9796325826e+04 -1.6915604302e+05 -5.9938784133e+03 5.6756250086e+01 -4.9704760264e+02 -1.7801513857e+01
1.0976489393e+05 1.5168148150e+05 2.0886823733e+03 2.9855210627e+02 4.1036809848e+02 5.7161080708e+00
-1.0375530981e+05 -1.7472531503e+05 1.3362219245e+03 -2.5840490597e+02 -4.3286805981e+02 3.3850040633e+00
1.6506107214e+05 3.2614305604e+04 -2.0951540082e+04 4.8134536581e+02 9.3667029148e+01 -6.1334281791e+01
-1.1274446713e+05 1.3070014161e+05 5.4350755557e+03 -3.2198843888e+02 3.7527602830e+02 1.5930946622e+01
1.4971303214e+05 8.5662116837e+04 5.6976241818e+03 4.3339878681e+02 2.4634980614e+02 1.6464461051e+01
1.6895964431e+05 8.4411526550e+04 -7.1117095346e+03 4.4828795077e+02 2.2253617242e+02 -1.8766208181e+01
-4.6408253338e+04 1.4300684511e+05 -2.9146765750e+02 -1.5146881116e+02 4.7199500373e+02 -8.6631535744e-01
1.8770309871e+05 -9.5082743618e+04 -1.5918005402e+04 4.3753304735e+02 -2.2290647835e+02 -3.7079960301e+01
-1.3665025370e+05 -1.1321274673e+05 1.1040136361e+03 -3.8612431808e+02 -3.1816212012e+02 2.9261807177e+00
1.5233892215e+05 1.0543764549e+05 -9.4315416276e+03 4.0108391670e+02 2.7619998567e+02 -2.5233741764e+01
-1.1522167422e+05 1.2234951759e+05 2.2703005504e+04 -3.4311632936e+02 3.6639864402e+02 6.8081576774e+01
1.7387395178e+05 5.9529879290e+04 1.9741422224e+04 4.7550387594e+02 1.6140389548e+02 5.3938571807e+01
5.6888798454e+04 1.7594227069e+05 6.2791943023e+03 1.5429205976e+02 4.7297435630e+02 1.6780419941e+01
-7.8587652374e+04 -1.5665150612e+05 2.1239727653e+04 -2.2468839063e+02 -4.4478449776e+02 6.0377944266e+01
9.1882744307e+04 1.6614559663e+04 4.3622382577e+03 4.8553281004e+02 8.5124849706e+01 2.3069696543e+01
4.0298410735e+04 -1.8434401056e+05 4.7045574359e+03 1.0399518371e+02 -4.8175016416e+02 1.2207659272e+01
-1.7379269737e+05 -9.2261638423e+04 3.4549426018e+04 -4.3779535907e+02 -2.3112254978e+02 8.7303940055e+01
1.7832634755e+05 -5.5926434836e+04 -3.4195905244e+02 4.7571636747e+02 -1.5052851760e+02 -7.5079642817e-01
-4.4492482568e+04 -1.8011837624e+05 -9.6671433420e+03 -1.2011194280e+02 -4.8078536605e+02 -2.5738845437e+01
1.2091904891e+05 -1.5628348480e+05 1.5488979586e+04 2.9717269401e+02 -3.8608000757e+02 3.8179563447e+01
-1.0155884759e+05 1.0788810869e+05 -1.8681490351e+03 -3.4316527267e+02 3.6694129964e+02 -6.3483306436e+00
-1.6637702523e+05 7.8614362209e+04 -1.8998148690e+04 -4.5058298144e+02 2.1436388057e+02 -5.1523472573e+01
1.4435689854e+05 1.4036899998e+05 -1.4986963272e+04 3.4681298508e+02 3.3565682987e+02 -3.6202449836e+01
1.7744067454e+05 8.8133016220e+04 -7.7469795149e+03 4.4410821096e+02 2.1922313335e+02 -1.9455387924e+01
1.8431638673e+05 -5.2093215030e+04 -1.6427729999e+04 4.5099109131e+02 -1.2867528811e+02 -3.9893679985e+01
-1.0459842366e+04 -1.8447586131e+05 1.6114018401e+03 -2.9661633943e+01 -5.0006778466e+02 4.4709036835e+00
-9.6679630726e+04 1.4571814892e+05 -4.1672750696e+03 -2.7164809748e+02 4.1196746457e+02 -1.1763120674e+01
1.0304854358e+05 -1.3668589085e+05 -1.3577990935e+04 2.9910319235e+02 -3.9906798992e+02 -3.9741011116e+01
1.0816892427e+05 1.5228083225e+05 -5.7012148370e+03 2.9192942386e+02 4.0881875533e+02 -1.5553162612e+01
-2.1170640259e+05 -2.3533826926e+04 -1.9865890918e+03 -4.7826099128e+02 -5.2069045794e+01 -4.5816510942e+00
-1.2120060820e+05 1.4616669810e+05 1.6215663744e+04 -3.1544238869e+02 3.8238167354e+02 4.2529759113e+01
1.6920718697e+04 -1.5202909126e+05 -9.0809331685e+03 5.3672473563e+01 -4.9663571601e+02 -2.9659246560e+01
1.3669517733e+04 2.1307793674e+05 2.0443246912e+04 3.2203674123e+01 4.8447697868e+02 4.6431810323e+01
5.7443718274e+04 1.4129788474e+05 1.0207496844e+04 1.9243235477e+02 4.6921946505e+02 3.4187090734e+01
-8.2643169485e+04 -1.7823647821e+05 4.8535856018e+03 -2.0917626255e+02 -4.4822402380e+02 1.2096777739e+01
-2.0003733301e+05 3.8146977406e+04 -1.3832645049e+04 -4.7303160061e+02 9.1393581986e+01 -3.2812159952e+01
-1.6028352785e+04 -1.7888169174e+05 -1.6952020580e+04 -4.5140679286e+01 -4.8884811952e+02 -4.6554338437e+01
1.8230352744e+05 3.1001219284e+04 -1.3052858517e+04 4.8357737527e+02 8.0912755815e+01 -3.4459463164e+01
2.6152884097e+03 1.5807702650e+05 2.7895284314e+03 9.9053336479e+00 5.0652415854e+02 8.9979564503e+00
1.8355563804e+05 4.1133907491e+04 6.3043907712e+03 4.9396892553e+02 1.0939612544e+02 1.7084971303e+01
-9.1548644503e+04 1.3776926053e+05 -8.8830330180e+02 -2.6782686548e+02 4.0556241562e+02 -2.9529606657e+00
-1.4506873966e+05 1.1473578602e+05 -1.5683565673e+04 -3.8379836715e+02 3.0520658520e+02 -4.1748965214e+01
7.5797403126e+04 -1.2130111366e+05 1.3655110001e+04 2.6078714030e+02 -4.2056858536e+02 4.7359101052e+01
-2.7145100622e+04 -1.6478599399e+05 4.9848742306e+03 -8.1172425122e+01 -4.8401592750e+02 1.4415370841e+01
-1.5201182521e+05 -9.1393588493e+04 9.0324626314e+03 -4.2295532231e+02 -2.5267977489e+02 2.5041302520e+01
-2.3204230711e+04 -1.8437169232e+05 4.3702200246e+03 -6.4183430788e+01 -4.9962139601e+02 1.1753310956e+01
-1.3931641528e+05 1.1025625306e+05 -1.1761979612e+03 -3.8899151977e+02 3.0959545987e+02 -3.3744065785e+00
1.8207818981e+05 -7.3197533503e+04 -1.5065130394e+04 4.5461912343e+02 -1.8403863575e+02 -3.7432015829e+01
-3.0225331622e+04 -1.2908286457e+05 -1.7427624608e+03 -1.1520091867e+02 -4.8403835001e+02 -6.3342475403e+00
1.6538866897e+05 -9.2882173162e+04 1.8730170534e+04 4.3126370446e+02 -2.4366579919e+02 4.8953089355e+01
-1.9718693964e+05 4.5854586292e+04 -1.6974799147e+04 -4.7901590596e+02 1.1260909842e+02 -4.1342777882e+01
2.7533698401e+03 -1.5941626633e+05 1.3874603495e+03 7.1549722902e+00 -5.0183199606e+02 4.2554870112e+00
-8.3809796224e+04 -1.0738116089e+05 2.0661009049e+04 -3.0629783681e+02 -3.8954590085e+02 7.5360192778e+01
-1.3795634319e+05 -8.9669358626e+04 1.5108964657e+04 -4.2013948823e+02 -2.7132007606e+02 4.5930024768e+01
9.8984830011e+04 -1.3530113077e+05 8.2299128801e+03 2.8755368758e+02 -3.9551077968e+02 2.3868660143e+01
-1.3958543231e+05 1.2003511539e+05 -5.7294690366e+03 -3.8046306611e+02 3.2888734040e+02 -1.5539665284e+01
-8.5702727836e+04 1.5183769033e+05 1.0167248527e+04 -2.4442472385e+02 4.3587035270e+02 2.9237252045e+01
5.9899039708e+03 1.4307048057e+05 -1.3261975521e+04 2.2603201786e+01 4.9952821124e+02 -4.6480537529e+01
-1.0797751494e+05 -1.2428422214e+05 -6.0675355310e+03 -3.3207219171e+02 -3.7998529530e+02 -1.8653334295e+01
2.0632666148e+05 -1.6713758317e+04 -4.6139419269e+03 4.9450011060e+02 -4.1221232330e+01 -1.1137080179e+01
1.7319816517e+05 -5.6594007513e+04 2.0909853004e+04 4.6930973398e+02 -1.5474426450e+02 5.6606895680e+01
-1.5434530426e+05 1.0614674596e+05 2.0140525903e+04 -4.1439460641e+02 2.8651065871e+02 5.4403603597e+01
1.9218938491e+05 6.3574196632e+04 -4.7471577180e+03 4.6436315860e+02 1.5236301526e+02 -1.1576258229e+01
9.4883824034e+04 1.4708150584e+05 5.9343173807e+03 2.7293410355e+02 4.2062622629e+02 1.6768710416e+01
-5.9455637113e+04 -1.6503876133e+05 -1.4543631560e+04 -1.6780530271e+02 -4.6168571126e+02 -4.0830094383e+01
1.3589490304e+05 1.4533852671e+05 -3.4267838173e+03 3.3140845041e+02 3.5266928972e+02 -8.4362102187e+00
-1.2808989578e+05 -5.2109718457e+04 2.3817379218e+03 -4.6182575245e+02 -1.8597635696e+02 8.6458604356e+00
1.4139661979e+05 1.2948411853e+05 1.2875862171e+04 3.6728402907e+02 3.3463894813e+02 3.3304190340e+01
1.7232429551e+05 -4.8766038764e+04 7.6820015643e+03 4.8551099706e+02 -1.3880268952e+02 2.1661597032e+01
1.8712156646e+05 -3.6205838406e+04 -1.0784998845e+04 4.8465972676e+02 -9.5034902065e+01 -2.7763251456e+01
-4.4036848821e+04 1.5444994340e+05 8.5911324447e+03 -1.3478014102e+02 4.7822490057e+02 2.6484116592e+01
1.2866523208e+05 -1.3536230630e+05 3.0809739910e+02 3.4782182327e+02 -3.6779974633e+02 8.6094090852e-01
-2.0275078293e+05 -7.7014734960e+04 3.0808085929e+04 -4.5809819598e+02 -1.7291553405e+02 6.9893920526e+01
-1.1510968401e+05 1.2087160773e+05 2.0247285985e+04 -3.4013643113e+02 3.5928548157e+02 5.9993091368e+01
9.6378515527e+04 -1.5448640546e+05 -4.1572467167e+03 2.6225219786e+02 -4.2287826879e+02 -1.1477568907e+01
-1.3267383204e+05 -1.4866129670e+05 -8.3808010534e+03 -3.3011858763e+02 -3.6812960116e+02 -2.1026764553e+01
-1.0086266272e+05 -1.3506578323e+05 1.5423449487e+04 -2.9530959795e+02 -3.9302141413e+02 4.4931343666e+01