-1.0841477508e+05 6.1495772587e+04 -3.9065934678e+03 -4.1261171874e+02 2.3623628131e+02 -1.4914200240e+01
8.2717830999e+04 8.5705254345e+04 9.2216677568e+03 3.3497175226e+02 3.4421873200e+02 3.7214783684e+01
-9.1303328126e+04 1.5683017166e+05 5.6687408367e+02 -2.4388807401e+02 4.2148309638e+02 1.5040869407e+00
-1.5375064157e+05 8.5562887694e+04 -4.0719070445e+03 -4.1865541408e+02 2.3451641450e+02 -1.1028332230e+01
5.0129775592e+03 -2.0664563549e+05 -3.6999101961e+04 1.0430374391e+01 -4.7723047596e+02 -8.5567544692e+01
1.5112609794e+05 -5.0131381013e+04 -3.4788510075e+03 4.5480086589e+02 -1.5242328094e+02 -1.0571466249e+01
-1.1365665360e+05 1.3254626910e+04 -6.1324365142e+02 -4.8008975206e+02 5.7996822967e+01 -2.8756361682e+00
-6.7552537822e+04 1.8372911778e+05 -1.0361115271e+04 -1.6591045405e+02 4.5473574293e+02 -2.5601539260e+01
5.4668016302e+04 1.4187576259e+05 1.3038440287e+03 1.7360947369e+02 4.4628771125e+02 3.9476957936e+00
-4.5963065204e+02 -1.6061300843e+05 -3.1042214451e+03 -2.8431931755e+00 -4.8366751994e+02 -9.3049995828e+00
-1.4459317503e+05 1.5087189972e+05 8.1847666445e+03 -3.3060081644e+02 3.4655072421e+02 1.8838003323e+01
3.1205703823e+04 1.6387505279e+05 -1.5580764208e+03 9.1439903004e+01 4.7268694034e+02 -4.6063469829e+00
7.6468976405e+04 -1.3195948201e+05 9.2607313152e+03 2.3943771278e+02 -4.1616151131e+02 2.9434204249e+01
-1.4189312964e+05 -1.3884048482e+05 -2.1258071491e+04 -3.4430989138e+02 -3.3526196291e+02 -5.1603951860e+01
-5.8786198479e+03 -1.5742223265e+05 -8.7402385027e+03 -1.9346495450e+01 -4.7831859986e+02 -2.6712773077e+01
-1.2553593857e+04 1.4372355466e+05 -1.1916557983e+04 -3.9819283063e+01 4.7468139690e+02 -3.9256051902e+01
1.4809645931e+05 9.9250710413e+04 -1.0828520841e+04 3.9833519973e+02 2.6537073419e+02 -2.8968222156e+01
1.3833617792e+05 9.7192628799e+04 -6.6653233473e+02 3.9353366693e+02 2.7479495944e+02 -1.7641559571e+00
-1.5912795111e+05 -1.9856032322e+04 1.9736704129e+03 -4.7546731020e+02 -5.7845503191e+01 5.8281879247e+00
9.6143878959e+04 -2.1099612666e+04 -7.4648841217e+03 4.6928427921e+02 -1.0540845202e+02 -3.6755541370e+01
-1.5509611818e+05 5.1344890540e+04 -7.8258913598e+03 -4.5857851742e+02 1.5331489189e+02 -2.3300821194e+01
1.3066001962e+05 4.5647491094e+04 -7.0671622495e+03 4.5756751099e+02 1.5812541334e+02 -2.5024912182e+01
-9.7555517360e+04 9.2782883219e+04 -1.6526623690e+03 -3.4388489795e+02 3.2945033976e+02 -5.6457786109e+00
-1.4106124657e+05 -9.3722834752e+04 4.1243261609e+03 -4.0443609040e+02 -2.6704821482e+02 1.1824339497e+01
-1.5383216166e+05 1.1419444902e+05 -5.9803340996e+03 -3.8799150668e+02 2.8954805161e+02 -1.5093642412e+01
1.3308161414e+05 -4.6022593802e+04 6.6222500128e+03 4.5130700741e+02 -1.5774541559e+02 2.2858561421e+01
1.5111240731e+05 -5.1304973426e+04 -7.7301187274e+03 4.4315617484e+02 -1.5194162621e+02 -2.2374940581e+01
1.3801774982e+05 -2.8762751901e+04 3.2611298245e+03 4.7307932869e+02 -1.0028600096e+02 1.1146429714e+01
-4.6543673480e+04 -1.6922433501e+05 5.9588032847e+03 -1.2822168726e+02 -4.6115112654e+02 1.6385792717e+01
-1.1745544097e+05 5.6504467619e+04 -2.0843736660e+03 -4.3232691604e+02 2.0997878430e+02 -7.7969915697e+00
-1.8353123755e+04 -2.0169089149e+05 -1.2389569896e+04 -4.4643166330e+01 -4.7804565951e+02 -2.9542288615e+01
1.4929231299e+05 5.9848929665e+04 -1.3296900451e+04 4.4633466992e+02 1.7735996029e+02 -3.9842849260e+01
5.1296036103e+03 -1.7270200852e+05 2.0449980122e+04 1.2483994916e+01 -4.6383894704e+02 5.4612397445e+01
-9.8588136915e+04 9.6030894725e+04 -2.7360559277e+03 -3.3705750499e+02 3.3058891375e+02 -9.0290098649e+00
-1.6514335940e+05 1.7494892542e+04 4.2576962569e+03 -4.7634915959e+02 5.1844242405e+01 1.2062637063e+01
1.7817912905e+05 1.0266083615e+04 -3.4473801394e+03 4.8569219778e+02 2.6690458945e+01 -9.2487583040e+00
-1.6465059070e+05 -3.9227001131e+04 -1.4641671457e+04 -4.6033943410e+02 -1.0827046814e+02 -4.1158376068e+01
8.2564038663e+04 -9.6894191334e+04 4.7449817261e+03 3.1298740843e+02 -3.7013269069e+02 1.8193843628e+01
-4.2693936769e+04 1.6900459684e+05 -6.9644366580e+03 -1.1696218773e+02 4.6849046471e+02 -1.9238926353e+01
-1.5394431768e+05 9.4252932079e+04 3.7688834682e+03 -3.8574534963e+02 2.3754780668e+02 9.8790955691e+00
-6.5168120388e+04 -1.6624106664e+05 -2.3064497248e+03 -1.7744986984e+02 -4.4913073765e+02 -6.4172204349e+00
-3.2326291532e+04 1.7056568288e+05 8.9475331318e+03 -8.8231669657e+01 4.7279666074e+02 2.4697370116e+01
1.7666102702e+05 -9.5300961113e+04 2.4892137324e+03 4.2705364046e+02 -2.3169567396e+02 5.8843478041e+00
-1.0321322324e+05 -7.8507500864e+04 1.0819441323e+03 -3.8184425098e+02 -2.8815395049e+02 3.9723245702e+00
1.1810603820e+05 1.2964732305e+05 -1.4951612388e+04 3.2804914182e+02 3.5814639168e+02 -4.1582644042e+01
1.8869249568e+05 6.9541614899e+04 2.0876304719e+04 4.5087060950e+02 1.6494209992e+02 4.9689196262e+01
7.7335732479e+04 -1.7323163831e+05 4.3180363898e+03 1.9574698430e+02 -4.4151550511e+02 1.0914313706e+01
-1.5166531730e+05 -1.0645439614e+05 -3.9656742119e+04 -3.8694106891e+02 -2.7007807111e+02 -1.0123665215e+02
1.3632396305e+05 -8.3003318883e+04 4.9606536709e+03 4.0984101342e+02 -2.5125784024e+02 1.5040414652e+01
1.6543400643e+05 3.0324927273e+04 -3.2418571678e+03 4.7761185468e+02 8.6129495444e+01 -9.3923381768e+00
-1.6046961002e+05 8.0035765625e+03 -6.0959548048e+03 -4.7898265157e+02 2.5321848456e+01 -1.8422938718e+01
1.5155692656e+05 1.0243948561e+05 -1.7820130472e+04 4.0132683731e+02 2.6970470577e+02 -4.7076579280e+01
-1.5763646186e+05 1.3427621122e+05 -5.1149304827e+03 -3.5831171805e+02 3.0667889895e+02 -1.1575647181e+01
1.1488531332e+05 1.4188674355e+05 -1.5948841796e+04 3.0460170199e+02 3.7417090290e+02 -4.2329274372e+01
-2.6147350300e+04 1.3706431802e+05 6.7501036339e+03 -8.7261515069e+01 4.6646968435e+02 2.3076896921e+01
2.0030494574e+05 4.9974434556e+04 1.5440152112e+04 4.6554992138e+02 1.1499944757e+02 3.5761442312e+01
-4.1859676506e+04 1.2129541534e+05 -1.2060087192e+04 -1.5433415758e+02 4.5284199820e+02 -4.5078039741e+01
-1.0351640535e+05 1.5310872129e+05 -7.6574857803e+03 -2.6649623632e+02 3.9643336217e+02 -1.9942918860e+01
-8.3021371991e+04 1.8141315119e+05 6.5002382745e+03 -1.9850128082e+02 4.3653116024e+02 1.5527850462e+01
8.9848339995e+04 1.3812753073e+05 1.1504771411e+04 2.6258664390e+02 4.0114456496e+02 3.3728434952e+01
-1.4971051947e+05 -8.7731713474e+04 -1.9872560772e+04 -4.1547483380e+02 -2.4190102221e+02 -5.5176984626e+01
-3.4131624998e+04 1.2869135294e+05 2.7657530474e+03 -1.2277690519e+02 4.6976752637e+02 1.0071116120e+01
-1.4795798868e+05 -8.6721596936e+04 -6.6537058899e+03 -4.1397652364e+02 -2.4105496050e+02 -1.8705621740e+01
3.9160734126e+04 1.3219094409e+05 -8.2620219708e+03 1.3590680386e+02 4.5301123390e+02 -2.8023956774e+01
4.9302465703e+04 1.7444076873e+05 1.4757729918e+04 1.3352228081e+02 4.6772376485e+02 3.9767765415e+01
5.2969712501e+03 -1.1468491976e+05 3.4800915986e+03 2.0395333978e+01 -4.8471616482e+02 1.4997136044e+01
1.3589994837e+05 -5.7429041284e+04 -1.4752860598e+04 4.3558644345e+02 -1.8578842991e+02 -4.7572281438e+01
1.6114085965e+04 -1.5408526851e+05 7.2254847210e+03 4.7917919733e+01 -4.7286079387e+02 2.2273462718e+01
1.3916476943e+05 9.1617141931e+04 9.6743819854e+03 4.0570148581e+02 2.6540650278e+02 2.8198150823e+01
-1.3798122548e+05 6.0301301481e+04 5.5045896303e+03 -4.3806110874e+02 1.9315611132e+02 1.7502927146e+01
-1.3230079575e+05 -1.2545798582e+05 1.0277782882e+04 -3.4015448881e+02 -3.2088668008e+02 2.6693730910e+01
-4.4428674225e+04 6.6381782700e+04 1.3031741306e+03 -2.6368612529e+02 3.9921388901e+02 8.1352778758e+00
-7.3691971410e+04 -1.6622916377e+05 -1.7025097565e+04 -1.9602860463e+02 -4.3896723890e+02 -4.5015447347e+01
7.2909973241e+04 1.7751485897e+05 -1.4391509085e+04 1.8277989421e+02 4.4178443650e+02 -3.5824030577e+01
-1.5276808188e+04 1.4599579416e+05 1.6250641251e+03 -4.7900448242e+01 4.7320743527e+02 5.1458173203e+00
3.9073774383e+04 -8.5301383354e+04 -5.0895062730e+02 1.9709631628e+02 -4.3599341142e+02 -2.0844293382e+00
1.1689409026e+05 -8.7684789314e+04 1.2026041164e+04 3.8469744745e+02 -2.9056560029e+02 3.9831148199e+01
-8.5665296727e+04 -1.4159979366e+05 -1.2296304334e+04 -2.5255515339e+02 -4.1474527813e+02 -3.6231489380e+01
1.5354766026e+05 8.0177775298e+04 1.2400219279e+04 4.2298909476e+02 2.1932544327e+02 3.4196083885e+01
1.0223476846e+05 -1.2585158431e+05 -9.7579093098e+03 3.0409029301e+02 -3.7663250222e+02 -2.9186461696e+01
4.6819315866e+04 1.3710120452e+05 1.1505569055e+04 1.5744829184e+02 4.5610870039e+02 3.8524170079e+01
-8.7801528956e+04 1.2976554874e+05 -5.7707541891e+03 -2.6794931203e+02 3.9870112494e+02 -1.7739611879e+01
-1.4956218654e+05 -1.2178378264e+05 7.2034179949e+03 -3.7329235849e+02 -3.0239065154e+02 1.7927175067e+01
-1.3061773732e+05 -1.1148722814e+05 2.5093047421e+04 -3.6309565488e+02 -3.0809653010e+02 6.9649545116e+01
-1.0902679528e+05 1.4650302675e+05 1.2744043110e+04 -2.8494778074e+02 3.8498918942e+02 3.3690797671e+01
1.5416964464e+05 -1.2315346746e+05 3.7054517882e+02 3.7513227843e+02 -3.0118064845e+02 1.0206981554e+00
1.0296873447e+05 -1.2849264664e+05 5.6109409712e+03 2.9849024817e+02 -3.7466224442e+02 1.6622014921e+01
1.1284295687e+05 -1.0509097934e+05 3.0165008127e+03 3.4803822663e+02 -3.2619160921e+02 9.1576972153e+00
1.1021567032e+05 1.6978978680e+05 1.4262904083e+03 2.6591426410e+02 4.0751372295e+02 3.5376593866e+00
1.1134984167e+05 -5.3759678019e+04 -3.1987616134e+03 4.3763328690e+02 -2.1338349416e+02 -1.2614309885e+01
1.6038114709e+05 -8.6369211711e+04 -7.1406918829e+03 4.1715885189e+02 -2.2610979476e+02 -1.8772597026e+01
-1.0580609606e+05 -9.2648239349e+04 4.1720337834e+02 -3.6065750386e+02 -3.1358276219e+02 1.5261384356e+00
-1.7382995816e+05 -1.5813074987e+03 7.0289399011e+03 -4.7393856403e+02 -3.0112557311e+00 1.9439844843e+01
3.9202233948e+04 3.1533840516e+04 -7.7888231554e+02 3.7295509254e+02 2.9399488539e+02 -7.7614981562e+00
-5.6157210934e+04 1.5887769089e+05 1.8540296831e+03 -1.5941512362e+02 4.5520657950e+02 5.3240113483e+00
-1.7448650239e+05 1.0704972259e+05 -4.2510620633e+03 -3.9668424689e+02 2.4458440126e+02 -1.0038189620e+01
-5.9101779262e+04 -1.3517411480e+05 2.1738898412e+03 -1.9269992784e+02 -4.3690933219e+02 6.7492055275e+00
-1.5855436505e+05 -7.3060939888e+04 -9.3226816043e+03 -4.3648318868e+02 -1.9963218773e+02 -2.5620448971e+01
-1.5711279792e+05 1.1154256978e+05 -2.3370362312e+04 -3.9089891033e+02 2.7904337425e+02 -5.8324565332e+01
-5.1385519630e+04 1.5220557737e+05 1.5489098894e+04 -1.5207653819e+02 4.5505007142e+02 4.6334032113e+01