9.5914936448e+03 -1.5886964325e+05 5.7144805046e+03 2.7611068363e+01 -4.8250708490e+02 1.7353113313e+01
1.3064132763e+05 -7.9716469244e+03 3.2114718534e+02 4.7888352137e+02 -3.1043035619e+01 9.7243753494e-01
-1.0994315549e+05 -1.4954123961e+05 -7.7413688116e+02 -2.8994812343e+02 -3.9220295446e+02 -2.0533685060e+00
-1.5970252446e+05 -7.3231362999e+04 9.1065907583e+03 -4.4005046664e+02 -2.0027834506e+02 2.5069405190e+01
7.5447200722e+04 -1.8975512088e+05 -4.2834025312e+03 1.7606887634e+02 -4.4569843510e+02 -1.0359203746e+01
-1.1954703602e+05 1.1648410806e+05 7.2742904805e+03 -3.4686256894e+02 3.3998615754e+02 2.1175354000e+01
1.0461404252e+05 1.1744933843e+05 8.4059529563e+03 3.2960723181e+02 3.6780654361e+02 2.6257439699e+01
-1.7410760343e+05 -1.0098536554e+05 4.8842446763e+02 -4.2344928500e+02 -2.4424515850e+02 1.2896885380e+00
-8.9148553745e+04 1.1836735899e+05 -5.0359884600e+03 -2.9720490423e+02 3.9724481015e+02 -1.7033245686e+01
-1.7453082238e+05 1.3507981590e+04 4.7600022259e+02 -4.8750511210e+02 3.9098525713e+01 1.3949062953e+00
-2.1264629562e+05 -2.2801319192e+04 -1.1519811507e+04 -4.8320183545e+02 -5.0720163682e+01 -2.6223109449e+01
-1.4454180969e+05 7.9912443577e+04 1.9678065591e+03 -4.2678341973e+02 2.3760212106e+02 5.7312603082e+00
-1.6132668340e+05 3.1313522643e+04 8.2971314883e+02 -4.7291553787e+02 9.3234429207e+01 2.1876052036e+00
1.0270128531e+04 -1.9786411275e+05 -3.5475505699e+03 2.3615989443e+01 -4.7733780365e+02 -8.7679528533e+00
-1.5461288036e+05 7.7649170015e+04 4.0670049888e+03 -4.3815202297e+02 2.2156407468e+02 1.1712311666e+01
1.1506222790e+05 -1.0767753672e+05 1.1481800702e+04 3.6024661676e+02 -3.3914616233e+02 3.6277857806e+01
-1.8607215492e+05 2.1425456686e+04 -2.4423498753e+03 -4.8859779804e+02 5.7516165490e+01 -6.2569115866e+00
1.5332633582e+05 -4.8370908279e+04 -9.0151044843e+03 4.6862904412e+02 -1.4939487957e+02 -2.7574609574e+01
8.9768993814e+03 -1.6051819668e+05 7.8401662008e+02 2.5754058187e+01 -4.8707280285e+02 2.4555006833e+00
-1.3156466830e+05 -5.4148186711e+03 4.0906543965e+03 -4.8203742945e+02 -1.8057557426e+01 1.5268873140e+01
-7.4427900426e+04 -1.4664828714e+05 -6.5535490532e+03 -2.2321911845e+02 -4.3663651071e+02 -1.9452334794e+01
2.3449020032e+04 1.3033649209e+05 -9.7519615898e+03 8.9352651354e+01 4.8678338863e+02 -3.6744034446e+01
-9.9238259101e+04 -1.2725122323e+05 5.6468691032e+03 -3.0465780833e+02 -3.8830192121e+02 1.7469192271e+01
1.7415616978e+05 -1.3758919229e+04 4.5958235717e+03 4.8650518554e+02 -3.9811658040e+01 1.2846825841e+01
-1.7837061345e+05 -7.2989706481e+04 -5.5432239247e+03 -4.4919314600e+02 -1.8247544483e+02 -1.4004160965e+01
1.2552006809e+05 -9.8515111778e+04 1.9706954708e+04 3.7986023586e+02 -2.9998862004e+02 6.0063963403e+01
1.3359416307e+05 9.0593880519e+04 2.3527202924e+04 4.0592764201e+02 2.7353404441e+02 7.1630422142e+01
1.5698504034e+05 5.6629218406e+04 -4.4375401758e+03 4.6091752919e+02 1.6474437084e+02 -1.2985410135e+01
1.6646575608e+05 -6.8503901084e+04 8.0063219514e+03 4.5367245333e+02 -1.8811095390e+02 2.1973587013e+01
1.3525462545e+05 2.1242101219e+04 2.8201733436e+03 4.8084695852e+02 7.3748673868e+01 9.9497732381e+00
1.4956948644e+05 -1.4223023873e+05 4.6566209797e+03 3.5265067955e+02 -3.3688614759e+02 1.0856056059e+01
-1.6530958256e+05 3.3520972708e+04 -1.5167118868e+04 -4.8048583160e+02 9.8865173855e+01 -4.4249353835e+01
1.7501324408e+05 -3.3117772613e+04 1.4581915790e+04 4.6993895472e+02 -9.0190426098e+01 3.8858567093e+01
-3.6985277448e+04 1.5292144925e+05 7.3803235048e+03 -1.1174252150e+02 4.6814988619e+02 2.2926763566e+01
9.9037787662e+04 -1.3850685205e+05 -1.7611082629e+04 2.8014365875e+02 -3.9421108386e+02 -4.9958137205e+01
1.4575618377e+05 1.0361054846e+05 1.3213108285e+04 4.0155876126e+02 2.8381618909e+02 3.6321970764e+01
-1.1246989941e+05 1.1638729511e+05 8.0449684168e+03 -3.4286484286e+02 3.5682924358e+02 2.4893841898e+01
-1.6639679315e+04 -5.1623527672e+04 -1.2709664364e+03 -1.5329637651e+02 -4.6118443196e+02 -1.1225280335e+01
-3.7996500928e+04 -1.8063018032e+05 9.7798242448e+03 -1.0258896774e+02 -4.8142519053e+02 2.6075505785e+01
-1.8388497280e+05 2.5250081975e+04 1.3028439880e+04 -4.7212985697e+02 6.5974788211e+01 3.3894515231e+01
1.3168951291e+03 -1.7479893431e+05 -2.1856969101e+03 2.3028025838e+00 -4.8455830326e+02 -6.2277868175e+00
-1.7448305814e+05 -3.0797220728e+04 -1.3663642634e+04 -4.8752270305e+02 -8.4692364374e+01 -3.8254743860e+01
-2.8651777567e+04 -1.8818565943e+05 -1.9555391102e+03 -7.3788885172e+01 -4.7651584024e+02 -5.0987602777e+00
1.2402478213e+05 5.1040224950e+04 2.9255646900e+02 4.5943298051e+02 1.8716101744e+02 1.0531784235e+00
1.4977733813e+04 1.7195782531e+05 1.7329578051e+04 4.3566769223e+01 4.8422000253e+02 4.8783996478e+01
1.9439725441e+05 1.6338065712e+04 2.2962164173e+03 4.7540083714e+02 3.8800331258e+01 5.3632051778e+00
1.8333343075e+05 -5.7475655635e+04 -8.7710792596e+03 4.7067530115e+02 -1.4884649526e+02 -2.2518801035e+01
1.7539948748e+05 -6.7276851595e+04 -6.2868079086e+03 4.3443523130e+02 -1.6783446567e+02 -1.6002577888e+01
-8.6266546725e+04 -1.5695452264e+05 -4.7916549827e+03 -2.4016635922e+02 -4.3422677409e+02 -1.3214913387e+01
1.2193224825e+05 1.1043895397e+05 -2.0829313242e+03 3.6458252103e+02 3.2826392205e+02 -6.1806075369e+00
-1.1601704753e+05 -1.0720865610e+05 2.7975972282e+03 -3.5608046716e+02 -3.2701376219e+02 8.3736673792e+00
1.7283349484e+05 -3.4400675289e+04 -1.8995637392e+04 4.7879063843e+02 -9.6675643557e+01 -5.2708424827e+01
-2.0797591027e+05 2.6739037432e+04 -1.1287901584e+04 -4.7245881237e+02 6.1858039398e+01 -2.5641318836e+01
3.9260215092e+04 1.7822396868e+05 1.7294120312e+04 1.0675826993e+02 4.7860635716e+02 4.6419549728e+01
-1.2042769685e+05 -7.6422809889e+04 8.8364140413e+03 -4.1224190415e+02 -2.5961500202e+02 3.0194180212e+01
4.3829879434e+04 2.0443324390e+05 -1.9293087049e+04 1.0136428599e+02 4.6744936526e+02 -4.4295210777e+01
1.3963400532e+05 3.5160064407e+03 -9.4105705173e+03 4.8623820247e+02 1.0559127971e+01 -3.3007607735e+01
-1.7706863170e+05 -7.0004164363e+04 -1.3330530627e+04 -4.5874641868e+02 -1.8003472224e+02 -3.4629533463e+01
-1.8818794207e+05 7.7324067789e+04 1.4959241075e+04 -4.5027664807e+02 1.8624995735e+02 3.5866274815e+01
-1.5497591292e+05 -7.5905951978e+04 6.8815407508e+03 -4.4381176419e+02 -2.1588997059e+02 1.9485689769e+01
1.4013481235e+05 -1.1086906061e+05 1.1462017856e+04 3.8445190276e+02 -3.0582505441e+02 3.1364850300e+01
1.4057805851e+05 3.8231151077e+04 -1.6032713067e+03 4.7575463477e+02 1.2769240919e+02 -5.3771433093e+00
1.3518622224e+05 -1.1606832176e+05 1.0676981233e+04 3.7373846690e+02 -3.2264178925e+02 2.9594304735e+01
6.4234221115e+04 1.4116439418e+05 1.8141346339e+03 1.9793791657e+02 4.3145060284e+02 5.8981200509e+00
7.2030535853e+02 1.7944769180e+05 1.5232964849e+04 3.2808016182e+00 4.9329795007e+02 4.2059206096e+01
7.1295521604e+04 -1.1960259077e+05 4.0090524543e+03 2.5164328775e+02 -4.2539234344e+02 1.4485586005e+01
-1.5683108612e+05 -2.0742226971e+04 -9.7045079285e+03 -4.8823693831e+02 -6.3109148196e+01 -3.0490899748e+01
-1.6850281647e+05 2.8517836577e+04 -8.5854056313e+03 -4.8577897322e+02 8.3624036055e+01 -2.4728367257e+01
-1.4167382500e+05 -1.0646606448e+05 -8.5635995635e+03 -3.9644848409e+02 -2.9625902747e+02 -2.4030335254e+01
-4.7727332779e+04 1.6251766858e+05 3.7429415101e+03 -1.3528096994e+02 4.6568462234e+02 1.0660569146e+01
7.0431499292e+04 -1.7587165764e+05 -2.8628079853e+04 1.7859711552e+02 -4.4934407591e+02 -7.2990184514e+01
-1.0077524563e+05 -7.1789169109e+04 -1.0328638975e+04 -4.0342684293e+02 -2.8502886382e+02 -4.1323588066e+01
3.4215673207e+04 -1.7668883128e+05 2.8879669955e+03 9.0678926060e+01 -4.7511809699e+02 7.5948793250e+00
-1.6768433285e+05 1.0640674803e+05 1.6214941476e+04 -4.1224085389e+02 2.6300445041e+02 3.9929837089e+01
-1.2772625359e+05 6.7903271720e+04 7.6006085285e+03 -4.3523966293e+02 2.3324878139e+02 2.6015753059e+01
-1.1778751497e+05 3.9029827317e+04 -1.2890468503e+04 -4.6426470997e+02 1.5578402140e+02 -5.1284576852e+01
-1.2805297970e+05 8.5324693472e+04 9.3214319298e+03 -4.0854471248e+02 2.7404700409e+02 3.0020226729e+01
-1.2393290956e+05 -9.7501587846e+04 -1.1981168856e+04 -3.8678108779e+02 -3.0237198446e+02 -3.7257361251e+01
1.0848884257e+05 1.3147229767e+05 -1.3230555354e+04 3.1157446511e+02 3.7537607959e+02 -3.7895611668e+01
1.3894986486e+05 7.9535019279e+04 9.8675043783e+02 4.1895026251e+02 2.3808839493e+02 3.1008741339e+00
5.6539253237e+04 -1.1290679544e+05 3.7512897585e+03 2.1902229488e+02 -4.4148683441e+02 1.4920170688e+01
-3.9976724834e+04 1.4332097282e+05 1.3791479713e+03 -1.3108330699e+02 4.7587316846e+02 4.4994520955e+00
1.9136749986e+05 -7.1281107903e+04 7.9248762617e+03 4.6419639991e+02 -1.7413574884e+02 1.9299737872e+01
8.2927686842e+04 -1.5128908357e+05 -8.7302731781e+03 2.3047215841e+02 -4.2321133370e+02 -2.4684161030e+01
1.3560035906e+05 1.0626659322e+05 2.1489962986e+04 3.8575863168e+02 3.0055291910e+02 6.0990677190e+01
1.9366537299e+05 -4.2565654442e+04 3.2623997128e+03 4.7656448830e+02 -1.0595353647e+02 7.9369879233e+00
1.5025347665e+05 -5.7904887530e+04 -3.0564736247e+03 4.4766521671e+02 -1.7406745416e+02 -8.8652191561e+00
-1.5316900072e+05 -7.0009185159e+04 1.0458027256e+03 -4.4958737640e+02 -2.0397157422e+02 2.8977099091e+00
1.9206005787e+05 -6.9163669947e+03 -1.1756476433e+04 4.7980402187e+02 -1.8516725039e+01 -2.9394999356e+01
-1.2794643125e+05 2.8992053256e+04 3.7227087645e+03 -4.7807464727e+02 1.1019272011e+02 1.3945323258e+01
1.8548224660e+05 -9.8790744446e+02 -6.8946014264e+03 4.9443115742e+02 -3.8799371425e+00 -1.8559851891e+01
1.2129668168e+05 -1.1934204370e+05 7.5513833757e+03 3.4893550111e+02 -3.4528209483e+02 2.1849079810e+01
1.4695874353e+05 -1.0810163550e+05 -2.9088929326e+03 3.8542537270e+02 -2.8508733702e+02 -7.8940356226e+00
-6.7289680832e+04 1.3977691916e+05 -9.5044660866e+03 -2.0825166194e+02 4.3613706822e+02 -2.9767031578e+01
-5.2975724873e+04 -1.6562660085e+05 2.2949167647e+03 -1.4936695102e+02 -4.6245489365e+02 6.4230358493e+00
-2.1105405928e+05 -1.7486956665e+04 2.1060997926e+04 -4.7956313103e+02 -3.8673877687e+01 4.7621123883e+01
3.4448895007e+04 1.5386740208e+05 -1.9317450785e+04 1.0784214470e+02 4.7472181170e+02 -5.9626256117e+01
-1.4888269808e+05 -8.1107921869e+04 -9.4416869306e+03 -4.3019992638e+02 -2.3275986447e+02 -2.7306464013e+01
-1.8921256083e+05 3.3923419124e+04 1.1470502336e+04 -4.8582081334e+02 8.8312188823e+01 2.9698686325e+01
-1.3344467595e+05 8.5598773007e+04 -1.5523029157e+04 -4.1458422790e+02 2.6771519316e+02 -4.8398031390e+01