8.4524988604e+03 -4.7756722794e+04 -8.6730645312e+02 6.7957367435e+01 -4.0813842085e+02 -7.2952298901e+00
4.7998188971e+01 -4.6411770065e+02 -1.6951914657e+01 -3.8272194017e+02 -3.6055913724e+01 -2.1323423697e+01
2.2196424260e+04 1.0539347385e+05 -4.7476661194e+02 8.7104836537e+01 4.0436575495e+02 -1.8040048818e+00
-1.1385463083e+04 1.0333744191e+05 -4.6746682589e+03 -4.3294813010e+01 4.1095528889e+02 -1.8627942301e+01
1.5151400180e+05 5.9887531722e+04 -8.4801568290e+03 3.8406537752e+02 1.5051355702e+02 -2.1170316603e+01
-5.7940909868e+04 5.5035083620e+04 2.9454623991e+02 -2.9812848307e+02 2.8669745011e+02 1.6570263010e+00
-5.1103017616e+03 2.6089680145e+04 -1.4973836967e+03 -7.1640627987e+01 4.0571351268e+02 -2.3803962550e+01
-9.5142663442e+04 -8.8162002206e+04 -6.4866730536e+03 -3.0239352150e+02 -2.7805470209e+02 -2.0624536018e+01
-3.7286218952e+03 -5.4659579729e+04 2.1176481212e+03 -3.1940095774e+01 -4.1395182210e+02 1.6309797316e+01
-2.1185519800e+04 5.6727464491e+04 -2.8935553536e+02 -1.4151980082e+02 3.8859612727e+02 -2.0995905000e+00
-1.1559246906e+05 -1.2224935798e+05 5.3042761190e+03 -2.9143483053e+02 -3.0642630142e+02 1.3264862869e+01
-3.8742030013e+04 6.9514079387e+04 -1.7112596401e+03 -1.9841798662e+02 3.6131083276e+02 -9.0056091264e+00
6.1415851694e+04 -2.5318505621e+04 7.1372897066e+02 3.7983467920e+02 -1.5982040629e+02 3.9988115738e+00
-1.4187499116e+05 2.7904158073e+04 -6.4525093534e+03 -4.0368567946e+02 8.0783968745e+01 -1.8607873651e+01
5.8778278815e+03 -6.8984095918e+04 -3.8097138921e+03 3.2276554291e+01 -4.1336502686e+02 -2.3007199455e+01
4.0380093346e+04 3.6358107583e+04 -3.3576357336e+03 3.0889201334e+02 2.7308163812e+02 -2.5227128686e+01
2.6732303401e+04 -9.8988419591e+04 -6.7755581289e+03 1.0557820123e+02 -3.9857367012e+02 -2.7417530630e+01
5.3304919570e+04 -7.9802343068e+04 2.0768358935e+03 2.2869033313e+02 -3.4616199958e+02 8.8362167083e+00
-5.2012486109e+04 -5.2676291487e+04 -2.1030610009e+03 -2.9314184818e+02 -2.9295809225e+02 -1.1748461892e+01
-3.3678245100e+02 2.3340165760e+02 3.7276038609e+01 1.9481703792e+02 2.7570323551e+02 1.9603078806e+01
5.1841137436e+04 -6.4056628439e+04 1.6273391870e+03 2.5843355407e+02 -3.2323366477e+02 8.3870796972e+00
1.2270502334e+04 3.0332540967e+04 -7.7595495726e+02 1.6033950288e+02 3.8001643900e+02 -1.0576922821e+01
-2.9784558434e+02 3.4933703526e+02 2.8818677326e+01 2.9003820152e+02 2.4275361528e+02 1.3488810301e+01
7.0814894974e+04 -4.7186570765e+04 1.8438638057e+03 3.4414740643e+02 -2.3219154115e+02 8.9899970292e+00
8.8346842352e+04 -9.5152336908e+04 -4.6290303758e+03 2.7861096179e+02 -3.0239239397e+02 -1.4690290723e+01
-5.6213299998e+03 -2.7178616517e+04 2.9034091488e+03 -9.0698399340e+01 -4.0196331896e+02 4.2874708352e+01
4.2777035611e+04 6.5884124223e+04 -9.8384669184e+03 2.2688219401e+02 3.4472566108e+02 -5.2027753000e+01
3.5211053337e+04 -3.7000980965e+04 7.6265508366e+02 2.8305059278e+02 -3.0322005375e+02 6.3365942397e+00
-7.7178152490e+04 -7.1111307186e+04 -2.0571525156e+03 -3.0450235926e+02 -2.7793272684e+02 -8.2501713556e+00
1.0265961455e+03 1.8327337949e+04 -5.2444577763e+02 3.4281996241e+01 4.1351849531e+02 -1.1763839786e+01
-1.1204449522e+05 -9.9960505730e+04 1.2942285083e+04 -3.0973121955e+02 -2.7452197742e+02 3.5804925952e+01
-8.1054485176e+04 3.2916747707e+03 4.0074772531e+03 -4.1300007850e+02 1.9262847726e+01 2.0690384370e+01
1.0325387220e+05 -3.7779881912e+04 -5.1690693045e+03 3.7844511303e+02 -1.4025886229e+02 -1.9502100236e+01
3.5229373842e+04 -2.3107218043e+04 -8.9530181300e+02 3.4036189592e+02 -2.2886335024e+02 -7.9532102944e+00
-7.5909130509e+04 1.0181682973e+04 1.3397910184e+03 -4.1075720048e+02 5.7709339985e+01 6.9167883806e+00
-8.0331737969e+04 8.3273112428e+04 -5.7686876939e+02 -2.8468117233e+02 2.9760742541e+02 -2.2433388718e+00
1.5066147431e+04 9.5099938149e+04 7.9713264348e+03 6.6432361447e+01 4.0591244449e+02 3.3832273941e+01
1.4185973458e+03 2.9093603073e+04 1.5464957867e+01 2.7109907131e+01 4.1242756426e+02 -1.8762825068e-01
2.7443770358e+04 9.9490646213e+04 4.5181918082e+03 1.1219477985e+02 3.9933256065e+02 1.8107942794e+01
7.5068320686e+04 -9.9362356421e+04 8.3609906256e+02 2.3847041488e+02 -3.1808262897e+02 2.1986497098e+00
-8.8645895869e+04 -6.0184820594e+04 -8.0331456539e+03 -3.4173701828e+02 -2.2970157351e+02 -3.0976800186e+01
-2.7839268614e+03 -9.2854667331e+04 1.7342254411e+03 -1.4537998857e+01 -4.1200054119e+02 7.5007675477e+00
1.5034103931e+05 -2.2396233426e+04 -1.2917460861e+04 4.1104605902e+02 -6.2605752509e+01 -3.5361039676e+01
-2.0132806035e+04 -5.3856295003e+03 -5.5324488271e+01 -4.0399427077e+02 -9.7985222055e+01 -9.8323373744e-01
9.8866152057e+04 -2.2073518920e+04 2.5766367473e+03 4.0161597070e+02 -9.1689409924e+01 1.0223571181e+01
1.1640564898e+05 9.8913097352e+04 -2.0160226465e+04 3.1436240258e+02 2.6537763350e+02 -5.4499197727e+01
9.7321939373e+04 7.7826764021e+04 -3.2518574520e+03 3.2389235165e+02 2.5693340453e+02 -1.0898323673e+01
6.0374805238e+04 1.1008651589e+05 -3.9520783493e+03 1.9390754265e+02 3.5058741444e+02 -1.3108592552e+01
6.4468214031e+04 3.6091958730e+04 2.7245463428e+03 3.6235912210e+02 1.9969085227e+02 1.5354679778e+01
-8.6651216513e+04 -1.7902154943e+04 7.4785791928e+02 -4.0599862680e+02 -8.1521994438e+01 3.4431928286e+00
4.9418584406e+04 -6.3127696750e+04 7.2632032160e+02 2.5029606865e+02 -3.2383929756e+02 4.0115310620e+00
-1.1495009264e+05 -4.0268142976e+04 -8.3991902311e+01 -3.8926640669e+02 -1.3465240437e+02 -4.0150767833e-02
7.4147530329e+04 -1.5936186302e+05 9.8304552400e+03 1.7999476067e+02 -3.8971242172e+02 2.4050257377e+01
-1.1121622074e+05 3.9438232707e+04 -1.3888084200e+03 -3.8355071832e+02 1.3781288543e+02 -5.0532371497e+00
4.4052833264e+03 5.2853107864e+04 -3.9052314958e+02 3.8040605819e+01 4.1002101426e+02 -3.3128317432e+00
1.4404991771e+05 6.0201222808e+04 -4.3903579498e+03 3.7940370179e+02 1.5716043105e+02 -1.1357112878e+01
-2.5554849767e+04 -8.0016917850e+02 -1.7979651839e+03 -4.1409990582e+02 -4.9927179007e+00 -2.9597932748e+01
-1.0785249322e+05 4.5479353477e+04 2.5303707562e+03 -3.7927559470e+02 1.6180095932e+02 9.0982980544e+00
-1.5010729378e+05 4.0611739690e+04 8.6851980484e+03 -4.0370148595e+02 1.1059288196e+02 2.3308385986e+01
-1.7119540951e+03 7.7176367204e+04 1.5284943477e+03 -6.5515284233e+00 4.1170861009e+02 7.7920285012e+00
-9.3835844332e+03 9.6354995209e+04 4.7315288663e+02 -3.7537608921e+01 4.0683502690e+02 1.6839524750e+00
-6.4089757241e+03 2.3422730438e+04 4.6066028043e+02 -1.0095968942e+02 4.0094044980e+02 7.8330257097e+00
-3.4518412876e+03 9.6242910873e+04 3.3226063947e+03 -1.2627680941e+01 4.1151918899e+02 1.4086959994e+01
-3.0969024855e+03 -1.9309460182e+04 1.2584330803e+03 -7.5488081343e+01 -4.0660651238e+02 2.8160888678e+01
-1.0061147779e+05 5.5977547616e+04 -9.8589583159e+03 -3.6095858484e+02 2.0283043625e+02 -3.5617469595e+01
1.2871911804e+04 1.1191244315e+04 -1.2056003533e+03 3.1996341898e+02 2.6228335049e+02 -2.9194568544e+01
-2.3847740807e+04 4.0957589464e+04 -2.1978990533e+03 -2.0465595398e+02 3.5983291486e+02 -1.9771779520e+01
-5.3887044667e+04 2.4849892985e+04 1.1604894296e+03 -3.7397429898e+02 1.7623559529e+02 7.8837760148e+00
-5.3525016663e+04 6.1992782248e+04 3.9343915172e+03 -2.6734384570e+02 3.1348322486e+02 1.9726460482e+01
2.5017536048e+04 5.0931738346e+04 -4.4431714875e+02 1.8510539989e+02 3.6864658733e+02 -3.0831969116e+00
5.6950674076e+04 -1.0428803192e+05 -7.2095509139e+03 1.9140042901e+02 -3.5393576238e+02 -2.4780334007e+01
-2.8807016307e+01 1.6383799228e+02 3.6863841705e+01 1.3519408281e+02 2.2501580968e+01 -1.4086109459e+01
8.6943883431e+04 -7.6895673825e+04 -6.4110450671e+03 3.0826115108e+02 -2.7494071649e+02 -2.3023804662e+01
9.5125950798e+04 -9.7951475516e+04 -1.0572094613e+04 2.8667395564e+02 -2.9732523275e+02 -3.2071883493e+01
5.2419451964e+04 -1.1180751307e+04 7.6789282224e+02 4.0541760216e+02 -9.0333386650e+01 5.7389803602e+00
-7.9018449066e+01 1.6033925900e+02 -6.2753071260e+00 1.3268865925e+02 6.3894077884e+01 -4.5009366067e+01
-4.6950938205e+04 -2.0071959486e+04 3.7078075466e+03 -3.8281270553e+02 -1.5932841237e+02 3.0341632067e+01
1.7007005224e+04 8.5550045562e+04 4.6132110270e+03 8.2938162831e+01 4.0532898617e+02 2.2116894115e+01
3.2885910450e+04 -9.3483466576e+04 -2.6769448495e+03 1.3509904980e+02 -3.9020181545e+02 -1.0984406002e+01
7.4811198468e+04 1.2760197013e+04 7.6264767977e+02 4.0634016690e+02 6.6575197697e+01 3.9440371756e+00
2.9742851155e+04 4.9323855830e+04 -2.6565813212e+03 2.1491500205e+02 3.4954267187e+02 -1.8594588579e+01
-7.1664836365e+04 3.0002400591e+03 -2.4337027210e+03 -4.1454658692e+02 2.0196241592e+01 -1.4100200375e+01
1.1911146093e+05 5.6164272487e+04 1.0042178209e+02 3.7415931509e+02 1.7472201751e+02 2.2688974652e-01
-8.3463605838e+04 -6.0358118178e+04 9.6657461601e+03 -3.3298182393e+02 -2.3837784798e+02 3.8198511433e+01
-1.1590519146e+05 3.5436158001e+03 -7.4068281043e+03 -4.0836180810e+02 1.4207025435e+01 -2.5851885410e+01
-7.4963898710e+04 -1.2121670401e+05 9.0264687639e+03 -2.1837898911e+02 -3.5040389933e+02 2.6193309596e+01
-8.3190238646e+04 3.1952776657e+04 9.7778375314e+03 -3.8348360904e+02 1.4974770029e+02 4.5377512712e+01
1.7761820465e+04 4.7945850749e+04 -3.3314244687e+03 1.4793718242e+02 3.8789630705e+02 -2.7192804944e+01
8.7190898333e+04 1.2320189368e+05 -6.3611934588e+03 2.3968546143e+02 3.3632144266e+02 -1.7498445254e+01
-1.9046893508e+04 1.8606943077e+04 -5.4958361465e+02 -2.8983540465e+02 2.9392369631e+02 -8.4600984381e+00
-5.0802704718e+04 1.1095175892e+05 5.8744842918e+03 -1.6882317847e+02 3.7269788777e+02 1.9879036371e+01
1.6831556203e+04 7.4157562104e+03 -5.2672879401e+02 3.8445310113e+02 1.5731755660e+02 -1.1774148520e+01
-1.0444409271e+05 2.0830055425e+04 1.2265630717e+04 -4.0516884567e+02 8.2749767818e+01 4.7793241787e+01
-2.1237729281e+02 -1.8598694576e+02 1.1964991740e+01 -1.5162950578e+02 1.7636301948e+02 2.0451558512e+01
-7.5049368705e+04 -3.7509946280e+04 -3.5222433562e+02 -3.7251591507e+02 -1.8347136032e+02 -1.7799410819e+00
-1.5762024262e+05 -2.1234984201e+04 1.1670921909e+04 -3.9946640837e+02 -5.2590557504e+01 2.9236470377e+01
-5.6536495154e+04 -3.2173755033e+03 -4.9418224626e+02 -4.1056186825e+02 -1.9837978219e+01 -4.1109689695e+00
-3.4157579617e+03 9.8980255613e+04 -2.1418940028e+03 -1.2178095879e+01 4.1262213472e+02 -9.0725492263e+00
1.4541804852e+03 -1.2692524795e+05 -5.0445273450e+03 3.0743049338e+00 -4.0571038962e+02 -1.6378564119e+01
-7.1166470270e+04 -3.0596555545e+04 -4.8728240875e+03 -3.8076508353e+02 -1.6085530824e+02 -2.6259000274e+01