1.1884966154e+05 -8.0699367336e+02 -8.4619648874e+02 4.4123766597e+02 -4.7889274442e+00 -3.0704311685e+00
2.4852518090e+04 -4.6839073271e+04 2.0777657100e+03 2.0245197097e+02 -3.9014593699e+02 1.6978825817e+01
-4.2964240687e+04 -1.3168945713e+05 -5.2919306025e+02 -1.3821803206e+02 -4.1866343819e+02 -1.6688823321e+00
-1.0545440154e+05 6.4848787887e+04 5.9377301162e+03 -3.7145961855e+02 2.3047138778e+02 2.1033985253e+01
-1.8324472832e+04 1.6840077753e+05 -4.3648589096e+03 -4.5796567144e+01 4.3189861884e+02 -1.1497778474e+01
-3.9063608870e+04 1.1060883779e+05 -1.8270076919e+03 -1.4341704347e+02 4.1160424908e+02 -6.8856958243e+00
5.4688183752e+04 9.4009351121e+04 3.2483822146e+03 2.2077728940e+02 3.7564386685e+02 1.3268823310e+01
1.3896170902e+05 -8.1841800154e+04 1.0509180044e+04 3.8036126584e+02 -2.2555533808e+02 2.8866778272e+01
-4.4695384453e+04 -1.7856804662e+04 -1.6401636865e+03 -4.1007510480e+02 -1.5906326052e+02 -1.5309037312e+01
1.2006324319e+04 1.1767478507e+05 -1.3674966336e+03 4.5980278040e+01 4.3265259294e+02 -5.1021053499e+00
-3.1889619721e+04 1.8953695739e+05 -3.3978705975e+03 -7.4154566908e+01 4.4760368711e+02 -8.1105127758e+00
-8.8321781267e+04 1.7465867864e+04 4.1024449686e+03 -4.3088788187e+02 8.7640398368e+01 2.0057456179e+01
-7.1066925214e+04 8.9577525248e+04 7.0706469014e+03 -2.6815545469e+02 3.4097269212e+02 2.7109884454e+01
9.7841339543e+03 1.6576298982e+05 -9.2489734762e+02 2.7106840838e+01 4.3766898646e+02 -2.6502780172e+00
-4.8342291613e+04 1.1124616341e+05 -7.8988288836e+03 -1.7420131922e+02 4.0525449839e+02 -2.8889749306e+01
-9.1886011826e+04 -3.9173134025e+04 -3.5794548683e+03 -4.0053351944e+02 -1.6843502331e+02 -1.5348693162e+01
-1.3241684747e+05 3.1302603081e+04 9.8568415846e+03 -4.2154547119e+02 1.0128148917e+02 3.1306274803e+01
-8.2096840668e+04 5.3883021968e+04 5.5337056267e+03 -3.6477565724e+02 2.4203755087e+02 2.4764221017e+01
8.6680471434e+04 3.6741704886e+04 -9.1880914900e+02 4.0736098670e+02 1.7021081604e+02 -4.2290499965e+00
6.3794505971e+04 -3.0176963533e+04 -4.4832659810e+03 3.9744290450e+02 -1.9130606363e+02 -2.8413098525e+01
-3.6263308231e+04 9.9558093758e+04 2.4421103032e+03 -1.4680833620e+02 4.0898105526e+02 1.0186333570e+01
-1.7819395174e+04 2.7760713692e+04 -1.5761623162e+03 -2.3007650130e+02 3.7044589801e+02 -2.0313811666e+01
8.2037975061e+04 4.7951675516e+04 3.7735451077e+03 3.7636330006e+02 2.1737460217e+02 1.7483302153e+01
-2.2297531498e+04 -1.1698935182e+05 2.2665529782e+03 -8.4541740810e+01 -4.3399567719e+02 8.4700169923e+00
9.5256527208e+04 -1.2070339555e+05 5.0429038227e+03 2.7275026126e+02 -3.4786702192e+02 1.4555550379e+01
-8.3327519552e+04 5.1256671285e+04 -2.5097439638e+03 -3.6580342727e+02 2.2752630180e+02 -1.1441802825e+01
-8.6802629527e+04 3.6744312546e+04 7.3351560430e+02 -3.9600525207e+02 1.7003326190e+02 2.9429220051e+00
9.7491470222e+04 6.8990199838e+04 4.3825240942e+03 3.5603248538e+02 2.4972570165e+02 1.5990747099e+01
1.0404275642e+05 -7.7487064856e+04 -8.8563818326e+03 3.4910951981e+02 -2.6208045534e+02 -2.9797560919e+01
5.4613536039e+04 -2.5447172197e+04 1.0880881938e+03 3.9595420532e+02 -1.8842758601e+02 7.8042210760e+00
-1.3940660553e+05 1.0239369581e+05 -1.6025661852e+04 -3.5439757414e+02 2.6186690264e+02 -4.0766642921e+01
-6.3943152002e+04 9.8115938777e+04 1.1266362249e+04 -2.3843278654e+02 3.6921270417e+02 4.2314679465e+01
7.4159987459e+04 1.1293281959e+05 -1.3443019454e+04 2.3518193059e+02 3.5544661467e+02 -4.2855080514e+01
9.9023130402e+04 3.2112337235e+04 -5.8549418733e+03 4.1118830837e+02 1.3124161624e+02 -2.4669264161e+01
-4.7175008926e+04 9.5591467224e+04 -3.5131659759e+03 -1.8948223437e+02 3.8846564324e+02 -1.4513417132e+01
-9.4035045244e+04 1.0087423324e+05 -1.0979725566e+04 -2.9823074628e+02 3.2221073364e+02 -3.4940424898e+01
-8.5154705353e+04 2.1676263064e+04 -3.4383254939e+03 -4.2115797784e+02 1.0969579183e+02 -1.6738954915e+01
1.0366533739e+04 2.8964239215e+04 -9.9424482612e+01 1.5439605004e+02 4.1072440823e+02 -1.7897559273e+00
1.2882671340e+05 -5.5959563903e+04 6.6264893047e+03 3.9899774830e+02 -1.7499250987e+02 2.0645010791e+01
-1.0892656985e+05 -9.1478567514e+04 -1.8988936599e+03 -3.2981207780e+02 -2.7518023203e+02 -6.1536486782e+00
-1.1490703321e+05 3.0937413717e+04 4.3858086089e+03 -4.1791651481e+02 1.1438824392e+02 1.6150244794e+01
9.7798237592e+04 5.8317879855e+04 -2.6684385196e+02 3.7594463080e+02 2.2199622150e+02 -1.1980866260e+00
1.4676922115e+05 -3.3961824415e+04 3.8101245161e+03 4.2524592502e+02 -9.9864496739e+01 1.1196591651e+01
4.1466698568e+04 -3.4977155492e+04 -6.0426840416e+02 3.3344307541e+02 -2.8643480929e+02 -4.9028042613e+00
1.1748987761e+05 -1.1586338841e+04 -1.0354926839e+04 4.3618158883e+02 -4.4838110026e+01 -3.8383009829e+01
-9.0360414306e+04 1.3145221772e+05 1.4820777629e+04 -2.4671542401e+02 3.6125017152e+02 4.0476286968e+01
1.3914526082e+05 3.7156229493e+04 -5.1450361463e+03 4.2440759391e+02 1.1178904004e+02 -1.5776548947e+01
-1.3648908772e+05 7.6376200792e+04 2.1556241161e+02 -3.7079169074e+02 2.0893261857e+02 1.8686740485e-01
-1.3293892919e+04 -1.2904128595e+05 -1.3762642606e+03 -4.6373545668e+01 -4.3398160269e+02 -4.5352758055e+00
-9.4370079077e+04 -3.6381916709e+04 -1.4508063057e+03 -4.1105909185e+02 -1.5619901535e+02 -6.3651170615e+00
6.9572806316e+04 6.9994247902e+04 -7.8723237328e+03 3.1154783899e+02 3.1036410882e+02 -3.5015810999e+01
1.1374155209e+05 6.6060270074e+04 4.5859689712e+02 3.7970014196e+02 2.1867865046e+02 1.3163008645e+00
1.4583805779e+04 1.8943015032e+05 -9.8324711983e+03 3.5588472748e+01 4.4718655022e+02 -2.3290509330e+01
-5.6039158925e+04 1.2382669030e+05 9.0087755286e+03 -1.7857330485e+02 3.9835555412e+02 2.9160321620e+01
1.4154271719e+04 8.5580160956e+04 -5.0983753167e+03 7.3593878201e+01 4.2969381382e+02 -2.5724822452e+01
1.6135987314e+05 -9.1188197634e+04 1.1899126091e+04 3.8813818571e+02 -2.2068678856e+02 2.8848226434e+01
-5.2604476593e+04 5.5621588177e+04 7.0153047812e+03 -3.0040293247e+02 3.2169464819e+02 4.0556128772e+01
-1.1475103393e+05 -8.1571544344e+04 -1.2209918561e+04 -3.5678398400e+02 -2.5174011528e+02 -3.7915723201e+01
1.4339127217e+05 1.0319387369e+05 -1.3553579769e+04 3.6332751161e+02 2.5994643281e+02 -3.4345564640e+01
7.6190505081e+04 8.0390576464e+04 1.3427942747e+04 3.0324664962e+02 3.1714659360e+02 5.3319136292e+01
-4.4728199110e+03 -1.2426398694e+05 2.6185854896e+03 -1.7324245599e+01 -4.3429488888e+02 9.4146713552e+00
-2.1049164696e+04 7.4257118028e+04 1.5459541664e+03 -1.1650218348e+02 4.2124328838e+02 8.8191136506e+00
2.4225633379e+04 -1.2281922784e+05 -4.7770138185e+03 8.3008908260e+01 -4.2968590657e+02 -1.6829122122e+01
-8.2441820837e+04 -4.3405375367e+04 -1.0485238212e+04 -3.8764483759e+02 -2.0156129998e+02 -4.9585649524e+01
-1.7777281359e+04 1.2990117129e+05 -1.3321992192e+03 -5.8182437859e+01 4.3692159131e+02 -4.6985451907e+00
-8.2420547202e+04 -1.2798238744e+04 6.2602176046e+03 -4.3260491474e+02 -6.4580229569e+01 3.3083284804e+01
2.4446220175e+04 -8.5443819248e+04 -1.4016524657e+03 1.1713689674e+02 -4.1804847123e+02 -7.1958331114e+00
5.9739779997e+04 9.5658273110e+04 4.6531298232e+01 2.3555210548e+02 3.7362507205e+02 3.2341985643e-01
-1.1993479398e+05 2.8135502845e+04 7.8943646649e+03 -4.2721017563e+02 1.0200983151e+02 2.8191308104e+01
2.3554123768e+04 1.1701085558e+05 -4.9322728807e+01 8.8333457889e+01 4.2972645574e+02 -9.3189720644e-02
1.4263972185e+05 2.7853883664e+04 -3.9950620265e+03 4.2402913534e+02 8.1357506616e+01 -1.1577336396e+01
-3.8212678145e+04 -2.8146245152e+04 1.7385720550e+03 -3.5263379375e+02 -2.5410203910e+02 1.5607808927e+01
2.5141323326e+04 -1.3106568192e+05 1.0988322523e+04 8.1412739439e+01 -4.3284872332e+02 3.6436865322e+01
1.4725214214e+05 -7.3695317139e+04 -2.6589766338e+03 3.9416548104e+02 -1.9872857080e+02 -6.9939245857e+00
-3.2124284704e+04 5.8829243981e+04 -2.3880376190e+03 -2.0569163874e+02 3.8341226501e+02 -1.5658808986e+01
3.5151439411e+04 1.6911583392e+04 -5.0651776361e+03 3.9489355062e+02 1.8382930827e+02 -5.6519120066e+01
4.8493382690e+04 -7.6520803500e+04 -8.3138268574e+03 2.3176801163e+02 -3.7017698911e+02 -4.0082146034e+01
9.1038126990e+04 2.5939929761e+04 -1.3089256540e+03 4.2206119967e+02 1.1793317850e+02 -6.3051882585e+00
-8.8068292207e+04 -6.1081930082e+04 1.0667943534e+03 -3.6196768812e+02 -2.4863864885e+02 4.2037899540e+00
-9.3522831618e+04 2.4431279425e+04 -4.2869388347e+03 -4.2674965374e+02 1.1375831119e+02 -1.9743142617e+01
5.6397733408e+04 2.3707623008e+04 -2.6672950347e+03 4.0367019946e+02 1.6589915806e+02 -1.8747072772e+01
-2.2405372129e+04 7.0754522202e+04 -9.7589839154e+02 -1.2838505861e+02 4.1509943097e+02 -5.6093749509e+00
-1.5996823835e+05 5.1754466533e+04 -6.2317434519e+03 -4.2206725192e+02 1.3790672455e+02 -1.6431989851e+01
3.7472163074e+04 -1.2010880638e+05 -3.4746401053e+03 1.2933120676e+02 -4.2001113791e+02 -1.2461311979e+01
-9.4183126929e+04 4.5999312842e+04 -1.1108911500e+04 -3.8974212754e+02 1.9262039727e+02 -4.6320858499e+01
-7.6417017839e+04 1.4007867191e+05 4.6690478425e+03 -2.0845950706e+02 3.8494999878e+02 1.2922881817e+01
-8.2973280345e+04 -6.6622651555e+04 9.1594236436e+03 -3.4125454106e+02 -2.7146388942e+02 3.7841110323e+01
1.0201994180e+05 1.7007650661e+04 8.2432495515e+03 4.3336595589e+02 7.0143326436e+01 3.5119939801e+01
5.7635038026e+04 1.4017588843e+05 -5.1856396205e+03 1.6839332736e+02 4.0581685713e+02 -1.4964438406e+01
7.0419841785e+04 2.2940676171e+04 2.0365096993e+03 4.1930435075e+02 1.3354924932e+02 1.2126679558e+01
8.3970343322e+04 1.1187065153e+05 -1.2942334533e+04 2.6391699778e+02 3.4904004170e+02 -4.0581466866e+01
-4.3363167641e+04 -1.0653597998e+05 2.9629325524e+03 -1.6627619846e+02 -4.0354204168e+02 1.1170884894e+01
9.5124573079e+04 1.0674367734e+05 1.7586895084e+04 2.9112087859e+02 3.2441563186e+02 5.3534729198e+01
-1.0750533654e+03 1.0520872835e+05 1.7918836316e+02 -2.4325201699e+00 4.3625382596e+02 5.4444678691e-01
-1.0187583588e+05 5.8703874522e+04 7.6922904898e+02 -3.7759176494e+02 2.1969839022e+02 2.8856002058e+00
6.5050241878e+04 1.7009257189e+05 -2.0071016479e+04 1.5575845832e+02 4.0407177840e+02 -4.8043487693e+01
4.8165406422e+04 -8.7474169314e+04 1.2904457290e+04 2.0776982678e+02 -3.8183704093e+02 5.6232633921e+01
6.8237235356e+04 -7.5350019000e+04 -4.6093683758e+03 2.9501927314e+02 -3.2889388347e+02 -2.0151627818e+01
-5.9544229043e+04 1.2257511638e+05 8.4101893970e+03 -1.8820724462e+02 3.9101272337e+02 2.6614392723e+01
-2.9848852800e+04 -8.5220347770e+04 5.8687053113e+03 -1.4615846777e+02 -4.1008559289e+02 2.8150596063e+01