-3.4540821078e+04 -9.5103184077e+04 2.2382986833e+03 -1.5842859114e+02 -4.2980289948e+02 1.0085516843e+01
-5.7900096310e+04 -4.9209407522e+04 3.9423997499e+03 -3.4588516380e+02 -2.9012326216e+02 2.3686308821e+01
-3.5819218974e+04 -1.5084132336e+05 -1.5171106962e+03 -1.0591772318e+02 -4.3975477093e+02 -4.4291290189e+00
4.9717175657e+04 -1.4369132549e+05 -1.2843010671e+03 1.4736638021e+02 -4.3038189697e+02 -3.9513329870e+00
-1.7250925731e+05 -9.4050631919e+04 -3.4342572721e+04 -4.0728434308e+02 -2.2071768202e+02 -8.1113704368e+01
6.1101472328e+04 1.1760636972e+05 4.8000121044e+03 2.1172042722e+02 4.0387469662e+02 1.6576592602e+01
-8.4230178764e+04 -8.1829438491e+03 5.4085355687e+03 -4.5324038587e+02 -4.1412705128e+01 2.9351591138e+01
1.0032478590e+05 -1.4207379112e+05 3.7258557350e+03 2.6242320007e+02 -3.7384785138e+02 9.6870378805e+00
6.3103223066e+04 1.0185506650e+05 5.2638841659e+03 2.4024737733e+02 3.8426477263e+02 1.9797356057e+01
-5.0177208157e+04 -1.1533423336e+05 2.4059193256e+03 -1.8336154881e+02 -4.1703637593e+02 8.7857666528e+00
8.2473672750e+04 1.7909796188e+05 7.5968097489e+03 1.9404856719e+02 4.1866090403e+02 1.7856574743e+01
-9.1841414685e+04 1.0224295058e+05 2.0904636723e+03 -3.0264134860e+02 3.3932807614e+02 6.8155991242e+00
1.1632978194e+05 -3.6283774614e+04 3.5640790880e+03 4.2554880874e+02 -1.3460418868e+02 1.3365427207e+01
-1.0772779558e+05 1.4550331589e+05 3.1221659881e+03 -2.6771284248e+02 3.6363966723e+02 8.0104842223e+00
4.7698179401e+04 -1.1805879622e+05 8.7189509892e+03 1.6933117358e+02 -4.2376725094e+02 3.1352462107e+01
-4.0623662114e+04 1.0572455978e+05 4.4374735018e+03 -1.5900304859e+02 4.1926226161e+02 1.7339362153e+01
-1.2796168968e+05 8.2990228653e+04 -1.2307324048e+04 -3.7888875659e+02 2.4747970309e+02 -3.6471463920e+01
-1.4030278220e+05 3.6373222045e+04 -5.5659857309e+03 -4.3854562670e+02 1.1527803828e+02 -1.7537754580e+01
-7.4996265126e+04 -1.0745481673e+05 3.1879586399e+03 -2.5965559039e+02 -3.6904330492e+02 1.0929336184e+01
-5.7084827254e+04 -1.2968234456e+04 -3.0562622900e+03 -4.3871547690e+02 -9.5760887339e+01 -2.3099018388e+01
-5.4033760592e+04 -1.2404953534e+05 -4.7708533916e+03 -1.8206197454e+02 -4.1386365646e+02 -1.5819288562e+01
7.2893422681e+04 -7.1958145670e+04 9.3708815536e+03 3.2021055541e+02 -3.1913716333e+02 4.1598836841e+01
-3.2329884696e+04 -8.1729621692e+04 -6.1733072414e+03 -1.6864382742e+02 -4.1938715535e+02 -3.1739736080e+01
3.4043100170e+04 -1.3585755224e+05 -3.0098596254e+03 1.0897095952e+02 -4.4142555202e+02 -9.7547859328e+00
1.7172004088e+05 -1.1112618868e+04 4.7490458164e+03 4.5788082198e+02 -3.0937517031e+01 1.2724428482e+01
-7.5252229036e+04 -6.7507256232e+04 -8.9220129444e+03 -3.3377165475e+02 -2.9651027841e+02 -3.9770176318e+01
7.9289853268e+04 1.0573683056e+05 -6.8369608645e+03 2.6623487431e+02 3.5236391779e+02 -2.3240478404e+01
1.0671260227e+05 -1.9347820832e+04 -2.4755967164e+02 4.4268923638e+02 -8.2367961479e+01 -9.3697394926e-01
1.2505382703e+05 8.7345863447e+04 -9.2320183478e+03 3.7495406208e+02 2.6011266725e+02 -2.7701734028e+01
6.3411951124e+04 6.6808550933e+04 2.2701459617e+03 3.1372831725e+02 3.2701091354e+02 1.1283959885e+01
-1.8014540293e+05 4.8275853212e+04 -6.3378996987e+03 -4.3944494500e+02 1.1900993730e+02 -1.5313920726e+01
-4.0140128173e+04 1.2662377314e+05 -2.3271948335e+03 -1.3391306309e+02 4.2794273783e+02 -7.6458457456e+00
-4.9148458164e+04 1.4264417902e+05 9.3669524013e+03 -1.3968637383e+02 4.0955651841e+02 2.7321345847e+01
-1.8609966027e+04 1.0281786011e+05 -3.1965462229e+03 -7.8026630920e+01 4.4250327264e+02 -1.4189967547e+01
-1.2403459608e+05 -5.6390322459e+04 -1.4025339095e+04 -4.1500923914e+02 -1.8688798041e+02 -4.6975470224e+01
-1.4498359914e+05 -6.2702632852e+04 1.1929583643e+04 -4.1980324240e+02 -1.8000722678e+02 3.4484312291e+01
1.1305382955e+05 -9.1970212102e+04 -3.5486915084e+03 3.4935568464e+02 -2.8608512471e+02 -1.1297666271e+01
2.9540615812e+04 -9.0285322315e+04 2.1099548268e+03 1.3901337009e+02 -4.3236669797e+02 1.0255610963e+01
-6.6942885895e+04 -1.3433766762e+05 1.1370689429e+03 -2.0509458542e+02 -4.0827873065e+02 3.3455726531e+00
1.6157725790e+05 -4.0683468695e+04 -2.8307210833e+04 4.3073098523e+02 -1.0977539350e+02 -7.5864433005e+01
1.2969971537e+05 8.4174592655e+04 -1.1543518921e+04 3.8223560331e+02 2.4634865855e+02 -3.3903641290e+01
-1.4285471383e+05 -3.0587653958e+04 -8.8606581146e+03 -4.4320863190e+02 -9.3342247995e+01 -2.7602662975e+01
-3.2235688798e+04 -1.8548672397e+05 2.0816539285e+03 -8.0961154240e+01 -4.5885409174e+02 5.0060600367e+00
-5.3189137199e+04 7.6179063452e+04 -6.8830293148e+02 -2.5621829421e+02 3.7119034462e+02 -3.3767600342e+00
-1.4731179154e+05 -2.2411774839e+04 -3.6494908304e+03 -4.4490972278e+02 -6.6200047311e+01 -1.0801208819e+01
1.0328872071e+05 -1.5683342326e+05 1.8726695334e+04 2.5111335174e+02 -3.8346290555e+02 4.5529759334e+01
-1.0337444274e+05 1.3339330607e+05 2.9510738260e+03 -2.7899654590e+02 3.6217504988e+02 8.1001809661e+00
-9.2304683728e+03 1.6447905438e+05 -7.8536570395e+03 -2.3604309491e+01 4.4182529241e+02 -2.0676140685e+01
1.2808647973e+05 1.8894860824e+04 4.3923854598e+03 4.5002502619e+02 6.4648789573e+01 1.5365180290e+01
-3.9221994203e+04 1.3469104326e+05 -2.3811015606e+03 -1.2467987730e+02 4.3388830840e+02 -7.7055862733e+00
-5.5955127462e+04 -1.2053227651e+05 -9.1105147296e+03 -1.9054321868e+02 -4.0644986631e+02 -3.0637729637e+01
-4.6833961351e+04 -1.5748871708e+05 1.1018586338e+04 -1.3222952776e+02 -4.3996860356e+02 3.1011995324e+01
1.8439760521e+04 1.9900307133e+05 -6.3266883111e+03 4.3970667654e+01 4.6238318640e+02 -1.4636707873e+01
-6.6399856436e+04 -1.4565789439e+05 -1.6757930881e+03 -1.8712357541e+02 -4.0715963321e+02 -4.4697140344e+00
-7.8122817845e+04 7.8687925369e+04 3.5483666071e+03 -3.1530076704e+02 3.2044996014e+02 1.4256652167e+01
3.1071568130e+04 -1.8950234586e+05 -2.0698389945e+04 7.3088435375e+01 -4.5306116010e+02 -4.9553989607e+01
6.0473578474e+04 7.0956784498e+04 -5.5691794400e+03 2.9504581033e+02 3.4254280761e+02 -2.7290870585e+01
4.9830521669e+04 -1.5571415672e+05 -1.0105376929e+04 1.3807047205e+02 -4.3591529126e+02 -2.8193174148e+01
1.4927621044e+05 1.1121219603e+05 5.0181052938e+03 3.6769309168e+02 2.7242098314e+02 1.2226370575e+01
-3.7124544027e+04 1.2897754985e+05 2.7909765179e+03 -1.2247672529e+02 4.3133550966e+02 9.6137113087e+00
1.1928310506e+05 -8.6002315850e+04 -1.4200781202e+04 3.6562426253e+02 -2.6546530564e+02 -4.3826877550e+01
9.2070341765e+04 2.3513692308e+04 -7.6872336215e+02 4.4083414996e+02 1.1016174796e+02 -3.7562819839e+00
1.1942135909e+05 -8.3836168758e+04 -2.7921868127e+03 3.6939014956e+02 -2.6118029818e+02 -8.7959868446e+00
3.0610357166e+04 -9.2653841493e+04 9.6789890091e+03 1.3841043447e+02 -4.2606996746e+02 4.4838572807e+01
-2.0628409032e+04 -1.5615408027e+05 8.4543767677e+01 -6.0094899092e+01 -4.4418664586e+02 2.7935938412e-02
-4.4462250973e+04 -6.8846102151e+04 5.6703149513e+03 -2.4914877944e+02 -3.8080113558e+02 3.1364016928e+01
5.3992949298e+04 -1.0058999195e+05 1.2419456219e+04 2.1196017443e+02 -3.9901439790e+02 4.9314217907e+01
-8.0605707509e+03 -1.2228868813e+05 5.5328656679e+03 -3.1647702373e+01 -4.5247699335e+02 2.0413864170e+01
-1.0894398214e+04 1.3592667083e+05 -6.4558234620e+03 -3.4428978333e+01 4.5014608896e+02 -2.1311716082e+01
-9.6028562810e+04 6.8072210219e+04 -1.1566288685e+02 -3.7021173579e+02 2.6474655629e+02 -5.4931879238e-01
1.1512782337e+05 1.1396904240e+05 -2.9890772095e+02 3.1769833668e+02 3.1268533063e+02 -4.8440607776e-01
2.0972863056e+04 1.8913193738e+02 3.3380629217e+02 4.5337728860e+02 -6.4726694782e+00 6.3349632400e+00
5.5613375412e+04 1.4937585747e+05 6.1841955738e+03 1.5827166549e+02 4.2110537784e+02 1.7285764897e+01
9.2763541144e+04 -1.4885461962e+05 -1.3918643041e+04 2.4076079449e+02 -3.8878272012e+02 -3.6272279116e+01
-2.1914652506e+04 1.1420661861e+05 4.5297956055e+03 -8.3825778012e+01 4.4699695851e+02 1.7647037032e+01
-3.3771831875e+04 -9.0804182211e+03 2.4067290335e+03 -4.3393732290e+02 -1.1016905098e+02 3.1791596159e+01
8.4841444933e+04 -7.5091388009e+04 5.3854312965e+03 3.3817567068e+02 -3.0189464702e+02 2.1798971033e+01
1.3468755231e+05 -3.2991370017e+04 -8.0860590160e+03 4.4090894650e+02 -1.0962827870e+02 -2.6683873858e+01
-1.3894472243e+05 5.4469724741e+04 6.6292523315e+03 -4.2249526127e+02 1.6721823208e+02 2.0338867387e+01
1.3244784563e+05 8.0136974466e+03 -6.4174040025e+03 4.5574439021e+02 2.5905494163e+01 -2.2193404081e+01
-4.7767208651e+04 1.0515471499e+05 6.5119656077e+03 -1.8507811803e+02 4.1202220850e+02 2.5728880764e+01
-1.2859196403e+05 -3.3993626659e+03 -3.3539716387e+03 -4.5615156962e+02 -1.0333549872e+01 -1.1981216928e+01
8.1383323058e+04 1.5351177917e+05 -2.7949556099e+03 2.1645424780e+02 4.0556251978e+02 -7.3271585518e+00
1.2278077305e+05 8.2826411071e+04 -1.5478553447e+03 3.7134306435e+02 2.4876611444e+02 -4.9912925526e+00
9.5181152674e+04 -1.3063232806e+05 4.1657262809e+03 2.6719347544e+02 -3.6893888337e+02 1.2028763192e+01
-1.5628136340e+05 -9.2731118202e+04 -9.7024587007e+03 -3.9607034184e+02 -2.3356098604e+02 -2.4634737862e+01
7.1574286183e+04 1.1905968259e+05 -6.7129160666e+02 2.3356671725e+02 3.8554105524e+02 -1.8754681297e+00
7.7100594757e+03 -1.1891590868e+05 5.4569454053e+02 2.7318209296e+01 -4.4993290874e+02 2.2814625830e+00
1.7330899173e+05 -7.4168153106e+04 2.3500633149e+03 4.2558146129e+02 -1.8345136584e+02 5.8867305403e+00
6.1907544654e+04 -6.6440785436e+04 -2.2422778122e+03 3.0720308863e+02 -3.3331244724e+02 -1.1233682290e+01
-1.6456512038e+05 8.7023418990e+03 1.3431683554e+04 -4.5654932402e+02 2.5502913858e+01 3.7372963344e+01
6.0546142291e+04 7.6590749035e+04 -3.2172497332e+03 2.8347250298e+02 3.5491051565e+02 -1.4926396781e+01
1.1763574182e+05 -9.6796369194e+04 -1.6165232860e+04 3.5094541828e+02 -2.9063827531e+02 -4.8558744561e+01
-1.5875713704e+02 -3.5996262013e+02 1.2307069657e+01 -3.8257018889e+02 -1.7875478565e+02 2.2605405247e+01
-1.3788637133e+05 1.7023892847e+04 -1.6261804778e+03 -4.4772049578e+02 5.6906361162e+01 -5.2806236508e+00
4.4604520254e+04 1.8663244138e+05 -3.0051276631e+03 1.0472691825e+02 4.3354862373e+02 -7.3464444137e+00
-2.8954698023e+04 -1.1240671540e+05 6.1605767909e+03 -1.1378265089e+02 -4.3421959063e+02 2.4151849689e+01
1.2427883201e+05 -8.3819971174e+04 -8.1266375123e+03 3.7753724232e+02 -2.5641918734e+02 -2.4786848036e+01
1.7099294721e+05 7.1273121091e+03 3.3217284865e+03 4.4935902969e+02 1.7442126524e+01 8.9647223012e+00
-1.3234478819e+05 5.5063746490e+03 -1.0628083122e+04 -4.5104665420e+02 2.0454334132e+01 -3.6139461379e+01