1.0610679909e+05 1.0593555563e+05 -1.9400753913e+01 3.5942443372e+02 3.5655745933e+02 1.4969073371e-02
6.9041968759e+04 1.3054233275e+05 -8.8139253829e+03 2.3256489115e+02 4.3619723083e+02 -2.9692592875e+01
-2.7544399503e+04 -1.9274997915e+05 1.4655614720e+03 -7.1267692077e+01 -4.8979246730e+02 3.7417309578e+00
5.3566028727e+04 -1.8507362517e+05 9.0498231816e+03 1.3894477538e+02 -4.8461026271e+02 2.3737396511e+01
1.7537225637e+05 -1.0968984993e+05 7.6172157537e+03 3.9863902305e+02 -2.5062138077e+02 1.7645833306e+01
-1.7000272267e+05 4.9742472259e+04 -4.5517570503e+03 -4.7690790797e+02 1.4098509055e+02 -1.2726092068e+01
-1.4527247432e+05 1.0247685932e+04 1.3631809297e+04 -4.9564434648e+02 3.6655007315e+01 4.6620934188e+01
-1.5532463368e+05 -1.3899672186e+05 1.0460855466e+04 -3.7116426510e+02 -3.3058086090e+02 2.5031191322e+01
4.1462689354e+04 -1.6499067798e+05 2.8863707967e+03 1.1893670136e+02 -4.7918287716e+02 8.2387154827e+00
-1.8533262537e+05 9.8543769751e+03 -2.8899322350e+03 -5.0378769657e+02 2.8104388793e+01 -7.8101009078e+00
-2.1604793675e+05 -3.2056696042e+04 3.2874158448e+03 -4.8834496335e+02 -7.1381724033e+01 7.3531066889e+00
-1.7425313606e+04 -1.8610391214e+05 7.6437333328e+03 -4.8661794489e+01 -5.0574774727e+02 2.0861220668e+01
-1.6880052557e+05 4.8977727655e+04 -2.0821155155e+04 -4.8497279587e+02 1.4215314978e+02 -5.9973046164e+01
8.6242722352e+04 -1.8791185475e+05 -2.1805016574e+04 2.0320107060e+02 -4.4550809956e+02 -5.1803186630e+01
-1.4807231394e+05 1.0062641988e+05 -2.0267743429e+03 -4.0836893743e+02 2.7915568306e+02 -5.4465187239e+00
1.5777338133e+05 -5.4373103767e+04 4.1241914597e+03 4.7271612660e+02 -1.6442274410e+02 1.2165728263e+01
-1.8428812993e+05 -6.5035537577e+04 -4.6208289831e+03 -4.6863652721e+02 -1.6408038851e+02 -1.1922951034e+01
-1.5627624505e+05 9.2538974413e+04 -6.0766831061e+03 -4.2766432177e+02 2.5480040276e+02 -1.6782024886e+01
1.7090514781e+05 6.2958757000e+04 1.8760684817e+03 4.7989444460e+02 1.7537048217e+02 5.3434325640e+00
6.4805005058e+04 1.1721632787e+05 -1.2839180153e+03 2.4639506992e+02 4.4201312096e+02 -4.5698982058e+00
1.5409833890e+05 -9.3680564475e+04 1.2561197597e+04 4.2833750030e+02 -2.6198591833e+02 3.5012418888e+01
1.0981021398e+04 -1.5790788708e+05 -1.1217307962e+04 3.2905133093e+01 -4.9522252114e+02 -3.5007498179e+01
-1.6528996446e+05 -3.8062085397e+04 1.9911302266e+03 -4.9175194307e+02 -1.1179041386e+02 6.1172193274e+00
1.3196017617e+05 1.3623688268e+05 -1.3464723262e+03 3.5408666269e+02 3.6372712608e+02 -3.6586860237e+00
-1.0655323759e+05 -1.7264769702e+05 9.2837261161e+02 -2.6222326408e+02 -4.2260368074e+02 2.2121675685e+00
1.2997534841e+05 -1.1199762583e+05 1.1866048908e+04 3.8213679260e+02 -3.3104934692e+02 3.5316339357e+01
-1.5877880304e+05 7.5508658889e+04 -1.5210308086e+04 -4.3809395346e+02 2.0980078372e+02 -4.2367798702e+01
5.6048287900e+04 -1.6001630779e+05 -5.3432893356e+03 1.6671704257e+02 -4.8029377303e+02 -1.6067889240e+01
1.6526366328e+05 1.0017691173e+05 9.3470458269e+03 4.3300733697e+02 2.6101122218e+02 2.4399370936e+01
-4.0384269295e+04 1.5194710238e+05 6.0464874928e+03 -1.2857063505e+02 4.8977633395e+02 1.9534999968e+01
1.8688303134e+05 -9.7166451054e+04 -1.2847157007e+04 4.3321152802e+02 -2.2650546601e+02 -2.9987286595e+01
-1.5950076478e+05 -7.8862710507e+04 -1.2874831288e+03 -4.4473408364e+02 -2.1838508089e+02 -3.3955079127e+00
1.4701043366e+05 1.1499657296e+05 2.0377795074e+02 3.8233640390e+02 2.9761590461e+02 9.5095659964e-01
5.9754933784e+04 1.5484524188e+05 -1.8386566397e+04 1.8204448683e+02 4.6781005363e+02 -5.5927688210e+01
1.7494040318e+05 5.9755130673e+04 3.8071526730e+03 4.6882308663e+02 1.5877205189e+02 9.9828104728e+00
1.1993880456e+04 1.8983414232e+05 -8.9027230600e+03 3.3115189377e+01 5.0410052320e+02 -2.3554220099e+01
1.3932289319e+05 -1.2421418360e+05 -1.0860894666e+03 3.7772774271e+02 -3.3842228931e+02 -3.2253119467e+00
2.1171229676e+04 1.3446664541e+05 -6.3721034245e+03 7.8612062654e+01 4.8764687024e+02 -2.3209582821e+01
-3.0367660435e+04 -1.8809758893e+05 -1.3568209682e+03 -8.0724581209e+01 -4.9204008167e+02 -3.6626528700e+00
-1.3530294294e+05 -1.3486253005e+05 -4.9464570487e+03 -3.3266060844e+02 -3.2994351799e+02 -1.1752136446e+01
1.9104233440e+05 1.1327355842e+04 -1.3968543404e+04 4.9646564211e+02 2.8152704442e+01 -3.6248775089e+01
-8.3649259170e+03 -1.8957059973e+05 3.5923687998e+03 -2.3169266533e+01 -4.9613247368e+02 9.5627981948e+00
1.9964077938e+05 -3.3846396784e+04 1.1398164287e+04 4.7940656131e+02 -8.2484923116e+01 2.7511194284e+01
-1.2711462605e+05 8.6398241760e+04 1.6496799792e+03 -4.1254469277e+02 2.8233423706e+02 5.3574141317e+00
-1.8635591515e+05 1.1871157064e+04 -1.6530898148e+04 -4.9153868588e+02 3.2613898408e+01 -4.3781236853e+01
7.3816917452e+04 1.9479183325e+05 -1.6497846193e+03 1.7572945843e+02 4.6066848610e+02 -3.6394100580e+00
1.6276464126e+05 1.2046128032e+05 4.3682867450e+03 4.0251089302e+02 2.9640776900e+02 1.0885170468e+01
1.8486050604e+05 -5.5355616084e+04 -8.5011030877e+02 4.5267968928e+02 -1.3670005113e+02 -1.6693862987e+00
-1.5777756325e+05 -9.3379049934e+04 2.2523526105e+03 -4.3300077911e+02 -2.5472751164e+02 6.0831618952e+00
-1.7727801348e+05 4.9928134334e+04 -2.9125344654e+03 -4.8537189077e+02 1.3807198240e+02 -8.0265787995e+00
1.6930180831e+05 -5.8214416117e+04 1.1170702532e+01 4.7832715860e+02 -1.6586683790e+02 -1.7791143268e-01
-3.8214535324e+04 1.8660344105e+05 9.0692419940e+03 -9.8035825026e+01 4.8494443282e+02 2.3770635050e+01
-2.1670772033e+05 -1.4454564937e+04 -3.9763136143e+03 -4.8973935267e+02 -3.1600378164e+01 -9.0853968890e+00
-1.4747848868e+05 1.2479634728e+05 2.1222685509e+04 -3.7680309510e+02 3.2051440426e+02 5.4345976635e+01
5.9795472131e+04 -1.4554304854e+05 -9.4733736188e+03 1.8777433383e+02 -4.6115119714e+02 -3.0057219307e+01
3.6316457109e+04 2.1207273731e+05 1.6275357469e+04 8.3716027288e+01 4.8233940258e+02 3.6936128424e+01
1.1974042212e+05 9.6534910555e+04 -1.3066368625e+04 3.9388286659e+02 3.1553525759e+02 -4.3070388968e+01
-9.2721996283e+04 -1.7572895124e+05 -9.0479353020e+03 -2.3171585311e+02 -4.3652277530e+02 -2.2407024460e+01
-2.0553772149e+05 3.8022801116e+04 -1.4406591504e+04 -4.8637601521e+02 9.1126050632e+01 -3.4172658983e+01
-2.5980359804e+04 -1.8197471673e+05 1.3727600144e+04 -7.1376566782e+01 -4.9077585094e+02 3.7280637659e+01
1.8675316711e+05 2.8014655970e+04 1.6591467470e+04 4.8911283074e+02 7.2068102216e+01 4.3323315481e+01
8.3852247822e+04 1.3555513359e+05 -3.3783961218e+03 2.6650141898e+02 4.2791748080e+02 -1.0734148871e+01
1.8771145281e+05 3.6094847466e+04 -4.2864428894e+03 4.9873443684e+02 9.4624820811e+01 -1.1515315777e+01
8.5107684391e+04 1.4321434897e+05 -2.2310813616e+04 2.5229933959e+02 4.2175178897e+02 -6.6103906760e+01
-1.8748019924e+05 4.0739876251e+04 -1.9340396577e+04 -4.8678187500e+02 1.0708299725e+02 -5.0258888190e+01
-1.3845128841e+05 -1.2936931321e+04 -1.0632703636e+03 -5.0673555639e+02 -4.5634464197e+01 -3.6473254733e+00
-6.1724557885e+04 -1.6055413864e+05 -5.4944029015e+03 -1.8024651799e+02 -4.6500940239e+02 -1.5693064833e+01
-1.8078506822e+05 -1.1346512478e+04 2.7856475075e+03 -5.0331430282e+02 -3.0249448146e+01 7.6425190784e+00
-9.6844121578e+04 -1.6053070716e+05 1.1175124472e+04 -2.6233389224e+02 -4.3233769005e+02 3.0200749521e+01
3.7553823209e+04 1.7175574184e+05 -1.1508577254e+03 1.0764665591e+02 4.8581209330e+02 -3.1803468292e+00
1.7419982871e+05 -9.9897806297e+04 -3.0653430404e+04 4.3243223796e+02 -2.4935200690e+02 -7.6420987562e+01
3.7607594245e+04 1.2083661326e+05 1.9758418944e+03 1.5044450272e+02 4.7697390811e+02 7.5929696239e+00
1.9220629276e+05 -2.3788523010e+04 1.0220388241e+04 4.9183747864e+02 -6.2130156568e+01 2.6038390692e+01
-1.7970646091e+05 8.9257770209e+04 2.5919061822e+03 -4.3411144823e+02 2.1695065045e+02 6.1299245908e+00
1.1229754044e+05 -1.2410648291e+05 -8.9443889235e+03 3.3579421517e+02 -3.7328215859e+02 -2.6887077772e+01
-1.0022302883e+05 8.9521805704e+04 8.5302579397e+03 -3.6588247702e+02 3.2918460370e+02 3.0931593712e+01
-1.4936088083e+05 -7.1518722348e+04 -8.5711178361e+02 -4.4504910617e+02 -2.1148980133e+02 -2.7637705333e+00
1.7166339849e+05 5.4956872142e+04 -6.7083879193e+03 4.8201037550e+02 1.5291645121e+02 -1.8675258055e+01
-1.8456730603e+05 3.4831168626e+04 2.8513746782e+03 -4.8659005323e+02 9.3146901426e+01 7.3837823113e+00
-1.3507451516e+05 1.1793791148e+05 2.9698917610e+03 -3.7520744690e+02 3.2940347634e+02 8.4072325104e+00
-1.2236193794e+05 -1.0064120532e+05 1.0617097739e+04 -3.8801050499e+02 -3.1715038378e+02 3.3458364773e+01
6.5957989316e+04 -1.6059820371e+05 -4.9825884699e+03 1.8996073414e+02 -4.6622365844e+02 -1.4526214668e+01
1.8427532027e+05 -9.3685590133e+04 -7.0640413627e+03 4.4184699202e+02 -2.2594451668e+02 -1.7022572350e+01
1.8344686818e+05 1.7142867051e+04 -1.8435697780e+03 4.8749871424e+02 4.4289027169e+01 -5.1892103828e+00
-1.6667536025e+05 -9.3201195514e+04 7.9154887850e+03 -4.2731111335e+02 -2.3752515285e+02 2.0530406806e+01
1.8503407125e+05 9.8990714729e+04 1.2525886150e+04 4.4459635431e+02 2.3655581944e+02 3.0071550113e+01
1.4314081723e+03 1.7769360851e+05 1.4947893751e+03 5.2804974695e+00 4.9085810454e+02 4.4040750809e+00
-1.1319324036e+05 -1.3803094188e+05 2.0524787806e+03 -3.1623822922e+02 -3.8349537900e+02 5.5485471934e+00
-8.3450556723e+03 2.0763646469e+05 -9.6615617097e+03 -1.8736122358e+01 4.9515395252e+02 -2.3126809484e+01
-1.4005743437e+05 -3.4449775956e+03 -3.5198793767e+03 -4.9748660525e+02 -1.0478691261e+01 -1.2551325029e+01
9.2547876187e+04 1.7016563901e+05 -1.3353734530e+03 2.3627549691e+02 4.3184022917e+02 -3.5636793011e+00
-5.1188019525e+04 -1.6700451670e+05 3.5383504025e+03 -1.4854032838e+02 -4.7987180002e+02 1.0276318191e+01
1.6349260661e+05 -1.0065370343e+05 2.6083537670e+03 4.2383582854e+02 -2.6234635324e+02 7.0372835038e+00
-1.3855550194e+05 -3.7257378452e+04 4.1983585766e+03 -4.7795982886e+02 -1.2676672608e+02 1.4666659872e+01
1.0592633637e+05 -1.5693418075e+05 5.5651294610e+01 2.8245368563e+02 -4.2076600937e+02 1.2390387305e-01
-2.1542439223e+05 4.8240237431e+03 -3.3952534349e+04 -4.8404967128e+02 1.1943226006e+01 -7.6142921654e+01
-9.1331323866e+04 1.4459914900e+05 1.4024113564e+04 -2.6804158698e+02 4.2695555471e+02 4.1611928929e+01
1.7688291963e+05 -6.5683933831e+04 5.9318674277e+03 4.6608402317e+02 -1.7445952162e+02 1.5757043390e+01
-8.9359296354e+04 -1.8449067212e+05 -2.2516513009e+04 -2.1860655667e+02 -4.4861694356e+02 -5.4969458609e+01
4.1399400048e+03 -1.7553886427e+05 -1.2764769186e+04 1.0232282690e+01 -4.9313423061e+02 -3.5750373746e+01