-3.5537010001e+04 5.3024210399e+04 -4.9583442135e+02 -2.1782304833e+02 3.3048441918e+02 -2.9753877331e+00
1.2671900261e+01 1.7113342331e+02 -3.5522864139e+00 -4.2679666900e+01 2.1652729698e+02 -2.4542732456e+01
4.7428309317e+04 7.0212120727e+04 1.4470169916e+02 2.2323852887e+02 3.2636521225e+02 7.0001199761e-01
-3.8402699328e+04 -5.4584045989e+04 -2.9911895193e+03 -2.2900494206e+02 -3.2039294798e+02 -1.7623040236e+01
-2.2917760040e+04 1.2559301675e+05 -1.6501225114e+04 -6.8827737059e+01 3.8535677736e+02 -5.0910064364e+01
-5.8037805058e+04 -1.7762305524e+04 4.0573435843e+02 -3.8035171839e+02 -1.1307274172e+02 2.5244141682e+00
-7.9095726458e+03 4.8850351860e+04 -3.0722633167e+03 -5.9411998563e+01 3.9137874816e+02 -2.4359217695e+01
-3.4006551182e+04 -1.0788689916e+05 -5.5687685775e+03 -1.2021311568e+02 -3.7563085890e+02 -1.9359421613e+01
9.0785078192e+01 8.0452801958e+01 9.2874631715e+00 8.5121308460e+01 1.3073595705e+02 -1.9158840784e+01
2.3003050494e+04 4.8723404296e+04 -1.2863554590e+03 1.7224812929e+02 3.5637462586e+02 -9.5456527783e+00
-8.2609064554e+04 -1.2766766498e+05 -7.2007142904e+03 -2.1591354798e+02 -3.3130788332e+02 -1.8681544793e+01
-6.1437157552e+03 -4.1120986558e+03 -1.3645759126e+02 -3.4149204167e+02 -1.9673270594e+02 -6.4403614559e+00
-5.6006113200e+04 -2.0058952491e+03 -4.3755511753e+03 -3.9508709219e+02 -1.0726356340e+01 -3.1272493666e+01
1.4838891860e+03 1.2292186712e+05 -9.3351840418e+03 6.2761345213e+00 3.9050339287e+02 -2.9872282103e+01
-6.2116420034e+04 2.5390786734e+03 -2.2714242102e+03 -3.9226212558e+02 1.9173204998e+01 -1.4593515922e+01
-3.6592084520e+04 4.8922917847e+03 4.4766342550e+02 -3.8809412023e+02 5.7188999717e+01 5.2788561013e+00
4.5843170039e+04 -6.7306257361e+04 5.2187923694e+03 2.2061696501e+02 -3.2813619168e+02 2.5224978098e+01
-2.5048279199e+04 2.7130296270e+04 -1.6422820582e+03 -2.6262873667e+02 2.9229021945e+02 -1.7676823613e+01
-1.2688397211e+04 -1.9095163898e+04 6.4541153796e+02 -2.2604384775e+02 -3.2481996602e+02 1.1302913116e+01
-8.0283115120e+00 -2.4741118563e+02 2.2862449654e+01 7.4465449539e+01 -3.0952677033e+02 2.7726869639e+01
-1.4273621155e+04 4.2291363501e+04 -2.2485578275e+02 -1.2148386558e+02 3.7362258959e+02 -2.2725467245e+00
-1.0362786856e+02 6.0002119610e+01 9.2454756227e+00 -1.4897067129e+02 3.9043800187e+01 3.2400605450e+01
-1.6599494916e+04 5.3291896980e+03 1.4097563974e+02 -3.7333384438e+02 1.3148460710e+02 2.3987068869e+00
9.4180809914e+02 -5.6262941873e+04 1.2968160929e+03 3.1915522107e+00 -3.9690920038e+02 9.1504570737e+00
-6.5149188180e+04 -8.4341052669e+04 -4.1874557404e+03 -2.4267518295e+02 -3.1116151896e+02 -1.5510376384e+01
2.7127849263e+04 5.3694724406e+02 1.6812756625e+03 3.9265399843e+02 6.9849401163e-01 2.5305173036e+01
2.2866858399e+04 1.2239916010e+04 1.6831469931e+03 3.4878553920e+02 1.7825620619e+02 2.4578938293e+01
-4.5688696027e+04 4.4079323537e+04 -1.9617305156e+03 -2.8142583793e+02 2.7580082700e+02 -1.2146155301e+01
-2.2855813556e+04 7.2375801592e+04 3.8547923650e+02 -1.1660870064e+02 3.7773817867e+02 1.8349496055e+00
1.6723223182e+02 1.0593955576e+02 1.2397817364e+01 1.7121853804e+02 1.8842542458e+02 -9.6964605162e+00
-1.2796425755e+05 2.1483895186e+04 -1.0621806905e+04 -3.8574849375e+02 6.6272206895e+01 -3.2195431868e+01
-5.5808770947e+04 -2.0373001897e+04 5.1176792712e+03 -3.7290277378e+02 -1.3264750598e+02 3.4278707709e+01
-2.7459268055e+03 -8.7529931142e+04 3.1941799035e+03 -1.4361617879e+01 -3.9241750906e+02 1.4871893534e+01
4.1094742344e+04 -6.0479488097e+03 -4.4332793793e+03 3.8908279024e+02 -6.1944678073e+01 -4.2656144548e+01
3.1618672810e+04 -1.5238147569e+04 2.0797143630e+03 3.5391592144e+02 -1.7664416273e+02 2.4004933252e+01
7.2494084162e+04 5.5543331333e+04 1.6536746006e+03 3.1496473578e+02 2.3865607796e+02 7.3513559991e+00
1.6973148356e+04 7.4992838183e+03 1.7230654446e+03 3.6652650248e+02 1.5053493739e+02 3.7637501391e+01
-1.3125810168e+02 9.1655006713e+01 2.7866801200e-01 -1.9403393573e+02 6.8864027056e+01 1.5569418944e+01
-8.4241042166e+04 -3.6243878899e+04 5.2125033214e+03 -3.6531522414e+02 -1.5486927970e+02 2.2562587961e+01
3.0174533700e+03 9.4047415581e+04 8.0908017960e+03 1.4294246299e+01 3.8393232354e+02 3.3516225999e+01
-4.5457588308e+04 -3.9996158820e+04 -2.9982709308e+03 -2.9932869022e+02 -2.5911507213e+02 -1.9870595621e+01
3.8376652471e+04 -2.7251815399e+04 3.2330140402e+03 3.1929259668e+02 -2.3182637192e+02 2.7235461804e+01
4.8895005770e+04 -9.4906898523e+04 7.3718631730e+03 1.7935692499e+02 -3.5210540226e+02 2.7229438186e+01
-3.8934155444e+00 1.8515006315e+02 5.6547889158e+00 -6.8003005801e+01 2.2825595148e+02 1.0253371595e+00
3.1922745721e+04 5.0092962181e+04 2.9159885414e+03 2.1528124301e+02 3.3180874919e+02 1.9774556847e+01
-2.6808660397e+04 1.1277025050e+05 1.1548743100e+04 -8.9169861586e+01 3.8214901873e+02 3.9390198452e+01
-7.5253302056e+04 -5.4212086144e+04 2.3548142955e+03 -3.2291641054e+02 -2.3005401787e+02 1.0190436755e+01
-6.3263705557e+04 9.5438267617e+04 -2.9894445787e+02 -2.1274324969e+02 3.2374015871e+02 -1.4563788926e+00
6.0217190014e+04 4.4906010730e+04 -6.9309389479e+02 3.1969037079e+02 2.3519368709e+02 -3.5370287610e+00
-2.8606352074e+04 2.1774823112e+04 -1.3946608736e+01 -3.1003547043e+02 2.4284587185e+02 -3.8027678014e-02
3.4681651416e+04 3.5365995753e+03 -1.4810934821e+03 3.9209537103e+02 3.4375285748e+01 -1.6345094060e+01
-2.7082662681e+04 -7.8897757341e+04 7.7525840172e+03 -1.3029616189e+02 -3.7237356296e+02 3.6587139674e+01
-7.5025570159e+04 -1.3422928366e+05 -8.9090193742e+03 -1.9485734180e+02 -3.4598791982e+02 -2.3067310943e+01
6.5954681187e+04 -5.5488712824e+04 -3.0929697382e+03 3.0211798297e+02 -2.5705332985e+02 -1.4525753732e+01
2.1815734315e+04 6.0904783789e+03 8.8522072065e+02 3.8063858737e+02 9.7272683510e+01 1.5045367482e+01
9.9408025662e+04 1.0115813981e+05 -6.5254474353e+03 2.7525364873e+02 2.7819423259e+02 -1.7853725070e+01
2.9392265111e+03 -2.9698706753e+03 3.0132300234e+02 2.4350359791e+02 -3.1206513703e+02 2.7460006625e+01
7.8099225295e+04 4.0547219473e+04 -6.3361154397e+03 3.5177313689e+02 1.8013564660e+02 -2.8412081041e+01
-7.0266924037e+04 1.1625026373e+05 1.1539965355e+04 -2.0214681942e+02 3.3719785313e+02 3.3438840547e+01
4.2027425773e+04 -1.2075632885e+04 -1.7681435520e+03 3.7741245036e+02 -1.1303404434e+02 -1.5519152114e+01
6.3655084534e+04 -1.9934304502e+04 -1.9868279840e+03 3.7439991307e+02 -1.2027212358e+02 -1.1401835944e+01
-6.7145768196e+02 -1.8286181628e+03 3.5610219403e+01 -2.2579185762e+02 -3.2354291271e+02 8.2119955806e+00
6.5466519726e+04 2.0121955932e+04 4.0088516656e+03 3.8033845094e+02 1.1394007835e+02 2.3333903494e+01
1.8283600950e+04 1.5783923249e+03 1.5491299690e+03 3.9193699700e+02 2.3306763760e+01 3.4541982802e+01
1.8427572809e+04 -7.7547785362e+04 -1.1851246580e+03 8.8389184439e+01 -3.8246955649e+02 -5.5838758903e+00
2.6302471193e+03 1.5092942981e+04 3.9545292282e+02 8.0482487802e+01 3.8910581364e+02 1.1461453493e+01
6.7416742843e+03 1.2148707157e+04 1.3375950802e+03 2.0293920548e+02 3.3659857707e+02 3.7474743504e+01
4.3670620358e+04 1.7884772322e+04 1.4444334680e+03 3.6736703943e+02 1.4600412942e+02 1.2339158827e+01
-3.9346284382e+04 -5.0451436584e+04 3.2544055283e+02 -2.4623737493e+02 -3.1083136533e+02 1.8351229920e+00
-3.9136535171e+04 4.5046747347e+04 -5.7715930621e+02 -2.5813013789e+02 3.0205050535e+02 -3.9817026353e+00
-6.3179362160e+04 -7.3250287248e+04 1.2952497826e+04 -2.5919298993e+02 -2.9750607168e+02 5.3173925264e+01
2.2630339615e+00 1.5572624551e+02 4.1073630354e+01 -5.0330583781e+01 1.9387058531e+02 -4.7704953133e+00
-8.6955650438e+03 8.0633278391e+04 -3.6086656535e+03 -3.9855302144e+01 3.9188143240e+02 -1.7342223100e+01
1.1278344984e+05 -4.3934958333e+04 3.8898259004e+03 3.6421172494e+02 -1.4359176791e+02 1.2741346089e+01
1.7769325547e+00 2.3045004885e+02 6.1425684858e+00 -7.6428392430e+01 2.8636251089e+02 -1.4981409878e+01
1.2641969808e+02 2.6099495862e+00 1.9158753694e+01 1.5586791081e+02 4.6372608948e+01 -4.4779938103e+01
-2.1724406808e+04 -2.0406153750e+03 -1.7307620824e+03 -3.9465444479e+02 -2.8110822019e+01 -3.1780374788e+01
2.8497003501e+04 -1.3556991095e+04 -1.4285502627e+03 3.5268639146e+02 -1.7461246373e+02 -1.8298021866e+01
-3.7313843026e+04 1.8015633024e+04 -1.9624772684e+03 -3.5239988054e+02 1.7538436249e+02 -1.8457100521e+01
1.9112675413e+04 1.9395191578e+04 1.4631850096e+03 2.8198578007e+02 2.7592363547e+02 2.1276580458e+01
9.4512766544e+01 2.2265069529e+02 4.5079996832e+01 4.1223882680e+01 3.0833480634e+02 6.9004006849e+00
9.2983518447e+02 -2.8102728414e+03 3.4061774113e+01 5.8806713092e+01 -3.8875189456e+02 6.5407142808e+00
-1.1024940380e+05 5.4483025690e+04 5.9193266585e+03 -3.5264329655e+02 1.7603455291e+02 1.8992377696e+01
2.2744294956e+04 6.8753187186e+04 -5.2276988140e+03 1.2634658288e+02 3.7351057221e+02 -2.8188008758e+01
-1.2568598698e+04 3.8493319615e+04 1.0927272315e+03 -1.1789556421e+02 3.7629196014e+02 1.1243772902e+01
6.9161764261e+03 1.1523241848e+05 3.4780362456e+03 2.5316840144e+01 3.9383125405e+02 1.2017343899e+01
-1.9324889626e+04 -4.2735722606e+04 -1.6150668616e+03 -1.6563625548e+02 -3.5634117565e+02 -1.3076233258e+01
-2.6279364242e+04 -1.5431079929e+04 -2.2239174460e+03 -3.4298894036e+02 -1.9394549869e+02 -2.8816020240e+01
1.0426640760e+05 -1.3593528248e+04 -1.0683485288e+03 3.8988224695e+02 -5.2699156128e+01 -4.1173186487e+00
-2.5999919081e+03 -4.4859348987e+03 2.4715999751e+01 -2.2926520524e+02 -3.2026285923e+02 9.7270684006e-01
3.5275004806e+04 -8.4664352922e+04 -2.4259717864e+03 1.5064232298e+02 -3.6698519544e+02 -1.0711864812e+01
-3.2972476698e+04 -3.8513756281e+04 4.2202124218e+01 -2.6086592877e+02 -2.9882915654e+02 1.5953006003e-01
3.6514941119e+04 -8.7573651402e+04 -9.1851967906e+03 1.4896844401e+02 -3.6259730620e+02 -3.7767481190e+01
1.7293397762e+04 3.7678834508e+04 -1.4838154034e+03 1.6845409184e+02 3.5577299782e+02 -1.4451806429e+01
-4.7621174955e+04 2.7109565395e+04 -2.2674536975e+02 -3.4123308290e+02 1.9836302673e+02 -1.6772175589e+00
-8.8239541486e+04 1.0779790898e+05 1.0242928778e+04 -2.4240584136e+02 2.9815947219e+02 2.8618918550e+01
-7.7107536701e+03 -3.4313971522e+04 -1.5909901854e+03 -9.2142405284e+01 -3.8526054504e+02 -1.7416058675e+01
-3.1349280304e+04 -3.8527225844e+03 1.4626479916e+03 -3.9188173535e+02 -4.1911221211e+01 1.8231955635e+01
-6.5763531732e+04 -4.3939070893e+04 2.7556898044e+03 -3.2943679170e+02 -2.1720260535e+02 1.4061593109e+01
-1.3395292531e+04 1.7139573368e+04 1.6940337559e+03 -2.3601822838e+02 3.1656658536e+02 3.0684660068e+01