5.2337526752e+04 -8.1771960135e+04 9.7853145758e+03 1.9584049310e+02 -3.0942864487e+02 3.7112564610e+01
4.5146882139e+04 -3.7045623890e+04 -1.7134470847e+03 2.8146109390e+02 -2.3499703737e+02 -1.0732996455e+01
-3.6562883924e+04 -1.0200187521e+04 -1.0189551657e+03 -3.5450683999e+02 -9.3917539345e+01 -9.7986591304e+00
6.4612110148e+03 8.9473737109e+03 6.3121662014e+01 2.2770979232e+02 2.8720990504e+02 2.9048593848e+00
-1.2498558196e+02 3.7544677374e+02 -5.5549767230e+01 2.9065321092e+02 -7.8994547985e+01 -2.7477052259e+01
2.1443720838e+03 4.5096540195e+04 2.9534230748e+03 2.1120232485e+01 3.6263344742e+02 2.4498487160e+01
-1.1636365262e+04 -5.9459712172e+04 -3.6198243727e+03 -7.3399104247e+01 -3.5938815592e+02 -2.1881772240e+01
-3.5373518194e+02 7.6891222416e+01 1.9092962412e+01 1.9780725420e+02 1.9181850186e+02 3.5827279172e+00
-3.8512325444e+04 6.7253428452e+04 -1.1733043418e+04 -1.7950940190e+02 3.1818592705e+02 -5.5507931313e+01
2.2395864703e+02 -2.8948030829e+02 -4.1647655028e+01 -2.7787092826e+02 -1.9970676502e+01 -3.9709805966e+01
4.0655549828e+03 -2.1431324909e+04 9.2290064942e+01 6.0150639610e+01 -3.6184908758e+02 1.3574741047e+00
-2.6002931897e+01 -2.6345505398e+02 3.7131561978e+01 -1.5603762185e+02 1.2750674579e+02 3.7971485721e+01
1.8466996939e+02 -4.0057147770e+02 1.5654700481e+01 -3.3173195371e+02 5.1748619346e+01 3.5051561020e+01
5.5033312036e+03 -5.4466353048e+03 2.0019404646e+02 2.3863182195e+02 -2.6628412483e+02 1.5475224888e+01
-3.0612787494e+02 3.2758563126e+02 5.1012575990e+01 3.3665322424e+02 5.5996096100e+01 2.4245605990e+01
2.9490491167e+03 1.0653915297e+04 -3.4090742864e+02 1.1218115609e+02 3.4624892391e+02 -1.4118571970e+01
-3.5475096988e+03 1.3617177015e+04 6.4445982734e+02 -7.8926473164e+01 3.5267617866e+02 1.8880078362e+01
8.5098312743e+04 -2.6206316328e+04 -7.0149171789e+03 3.3908060332e+02 -1.0639918150e+02 -2.7512730407e+01
-1.4915838091e+02 -1.0742614321e+02 3.5870056631e+01 -5.2365566049e+00 1.3981755922e+02 5.1486331564e+01
3.7855282507e+04 -1.2831213644e+04 1.6764128041e+03 3.4519853950e+02 -1.2183895711e+02 1.5277732106e+01
-4.1010989690e+02 1.4805328492e+02 3.6796916781e+00 2.6667114860e+02 1.9756249124e+02 -1.2767002330e+01
1.8410284077e+04 3.0765422595e+04 1.0519201492e+03 1.9247971960e+02 3.1193592391e+02 1.0333757535e+01
2.6294744323e+04 -1.7216942949e+04 1.0680645248e+03 3.0323935736e+02 -2.0549394079e+02 1.2325864073e+01
3.4645281674e+04 3.4136795150e+04 3.3177582136e+03 2.6282880789e+02 2.5386674465e+02 2.5460390710e+01
-2.9922503266e+02 -2.5654241127e+02 -2.0062456722e+01 -3.6516182304e+01 2.9777873816e+02 -1.8968820360e+00
-1.1654832779e+02 1.5366806175e+02 -1.3319086466e+01 1.4651998919e+02 9.1183436806e+00 -1.3333666704e+01
-3.1378500146e+02 1.6290989284e+02 1.6525550198e+01 2.3549536274e+02 1.3024483526e+02 -6.9108135368e+00
-7.3823322840e+04 -7.0468228373e+04 -5.1724450504e+03 -2.6778804043e+02 -2.5316476386e+02 -1.8802736725e+01
1.2757634618e+02 4.0566999082e+02 4.1131561327e+01 2.0337848599e+02 -2.5182049615e+02 3.2049952372e+01
-3.1229580191e+03 -7.2394423969e+03 9.4155039537e+01 -1.6576134936e+02 -3.2711065213e+02 6.6785819064e+00
6.1012574479e+04 4.6513174323e+04 7.1384558839e+03 2.9291706355e+02 2.2033582684e+02 3.4227720843e+01
-2.2375832443e+02 3.0368088520e+02 -1.0024573204e+00 2.8678777677e+02 1.3857434384e+01 1.6239472883e+00
-1.7247838677e+04 9.2398663175e+03 -1.4453462340e+03 -3.1663353447e+02 1.7989803675e+02 -2.5750482698e+01
3.0547424046e+02 6.3723008604e+01 4.1720145028e+01 -8.8338840759e+01 -2.2048382936e+02 -8.2205274605e+00
2.1498229955e+03 6.3505750131e+03 4.0661975663e+02 1.4291536696e+02 3.3732455454e+02 2.1615032981e+01
-4.6074793070e+01 -1.5010901590e+02 -5.1552629241e+01 -7.5731620694e+01 9.2463652757e+01 7.9336083060e+00
-7.8016136897e+03 3.9669271756e+02 5.2223607017e+02 -3.6413375721e+02 4.1798612749e+01 2.5797427851e+01
1.6864550597e+02 -9.0202534557e+01 -2.6947992671e+01 -1.2824703362e+02 -6.8885625171e+01 -2.1501690775e+01
1.6337399121e+02 -8.0020272797e+01 9.5383745351e+00 -1.1956946485e+02 -6.9835519871e+01 3.0245227771e+00
-7.5416673603e+01 -6.6032831586e+01 1.7566181630e+00 -1.0074098107e+01 7.5631752544e+01 6.7988878155e+00
3.3673186168e+04 1.4064376407e+03 -2.2768925208e+03 3.6667972187e+02 9.9588756895e+00 -2.5202032743e+01
1.7039640731e+02 -8.5349942664e+01 -2.4660487950e+01 -1.2590648137e+02 -7.2040947288e+01 -7.8708216148e+00
-1.2993093070e+04 4.4810956953e+04 -1.1839410101e+03 -9.8485478183e+01 3.5355924184e+02 -9.1059174914e+00
-2.3972303497e+04 -7.2667064819e+03 -2.0243565556e+03 -3.5251200004e+02 -9.9364865291e+01 -3.0362598651e+01
5.6511634452e+01 -4.2029582909e+02 5.8027862690e+00 -2.9022715701e+02 1.4129744041e+02 1.8009770553e+01
-3.4240393190e+03 1.0415589709e+05 -8.4483224440e+03 -1.0356705333e+01 3.6850105850e+02 -2.9930072807e+01
4.2705322748e+00 2.8745897322e+02 1.0425775282e+01 1.8041163757e+02 -1.2384390308e+02 -2.9429696614e+01
3.5999323570e+04 -1.9814597001e+04 -1.9602676811e+03 3.1865772259e+02 -1.8046819225e+02 -1.7370102469e+01
-9.8410323201e+01 5.4701099639e+01 3.2943944096e+01 7.6144201738e+01 3.9327167920e+01 -2.4970057891e+01
-9.0736720926e+01 5.4689688826e+01 4.1669590081e+00 7.2904779577e+01 3.4469004587e+01 1.0846796615e+01
5.2957938356e+04 3.2485029607e+03 4.8542392155e+03 3.6617925633e+02 1.9043204026e+01 3.3791178637e+01
-1.6641389444e+02 3.6358755250e+02 -6.4241945108e+00 3.0059418785e+02 -4.7736352944e+01 6.2930073617e+00
2.7127774525e+04 -8.7969746507e+02 1.2646151991e+03 3.6598377537e+02 -1.8598478854e+01 1.7092734152e+01
-2.5615100950e+02 -2.5962665878e+01 1.1341579686e+01 9.1489149431e+01 1.7330861762e+02 -2.7764578746e+01
-1.8248070611e+02 -1.5907708905e+02 -1.5238670233e+01 -2.3934263439e+01 1.8270672500e+02 6.3784596564e+00
-2.5725591612e+04 2.3443954265e+04 1.3584465791e+03 -2.6791098468e+02 2.5120823890e+02 1.4392787154e+01
1.1548224629e+04 3.3816337088e+04 3.5581202082e+03 1.2313578437e+02 3.4481744719e+02 3.6774986563e+01
-1.4236156714e+02 -1.4184066458e+02 1.0018220584e+01 -2.9914365871e+01 1.5001203445e+02 1.7440007332e+00
4.8224496207e+01 -3.8292978030e+02 4.0726648203e+01 -2.6304921154e+02 1.3080324219e+02 1.9756311585e+01
-6.4615561227e+03 -4.2816419021e+04 -2.0420892100e+02 -5.8800896526e+01 -3.6155195752e+02 -1.4884313931e+00
9.1433236221e+01 -8.0535729282e+01 -2.0590635774e+00 -8.9578064433e+01 -2.4017565834e+01 2.5623351435e+01
-9.2904972470e+04 -3.2773859433e+03 4.8436823907e+03 -3.6651746709e+02 -1.1008480810e+01 1.9297926722e+01
-3.9767316724e+04 6.1843787021e+04 1.0140573696e+03 -1.9071122025e+02 3.0087621873e+02 4.3334339598e+00
6.5814295580e+01 1.3545813832e+02 2.1905467773e+01 5.8127367461e+01 -9.8801938052e+01 -3.9578987362e+01
1.1127745558e+04 -6.1643154634e+04 -1.4167049669e+03 6.2202736420e+01 -3.6093916319e+02 -8.1519944003e+00
2.2391985210e+02 -8.9843327645e+01 4.0126062281e+00 -1.5131199003e+02 -1.0407407451e+02 1.1707795277e+01
1.3383760961e+02 -1.9008887302e+02 -1.3596164318e+01 -1.7689295890e+02 -4.7293734753e+00 -2.4678963295e+01
1.2441749695e+02 -3.1106995816e+02 -2.0965241716e+00 -2.4960807462e+02 5.2225832632e+01 2.1062891214e+01
1.0573280609e+05 -2.7120170518e+04 -1.3014638715e+03 3.5154661389e+02 -9.1835169360e+01 -4.6446523479e+00
-3.2777205753e+02 -1.3487023734e+02 8.1471076261e+01 5.2634717266e+01 2.6460014284e+02 3.4591082861e+01
-5.8810700837e+03 3.2018948795e+03 3.5057692595e+01 -3.0727209676e+02 1.9816236498e+02 -5.4962469334e-02
-1.8672266917e+02 -4.1271182416e+02 1.5037865194e+01 -1.8291649974e+02 2.9228076430e+02 2.2780150416e+01
1.0107236410e+02 -2.2521515457e+02 1.7483165097e+01 -1.8535010105e+02 3.0841232244e+01 -1.3433889735e+01
8.2392932941e+04 5.0930718436e+04 -5.8339325259e+03 3.1193889040e+02 1.9061752509e+02 -2.2176231955e+01
3.8688562560e+04 -3.2922242742e+04 1.7208637445e+03 2.7669715586e+02 -2.4018132778e+02 1.2412782511e+01
-2.2000810479e+02 2.4680700950e+02 2.8462716935e+00 2.4915773695e+02 3.5449859257e+01 -1.3479279557e+01
-1.1684159136e+02 -6.8993678247e+04 2.1663219689e+02 -3.2343152088e+00 -3.6555538520e+02 9.0926238810e-01
-7.2289648554e+04 -8.9997105822e+04 1.0774248222e+04 -2.2851897424e+02 -2.8204330080e+02 3.4149415714e+01
-1.5410745952e+02 2.1490682795e+02 6.7257789715e+00 2.0116545799e+02 7.1201912711e+00 1.1193857425e+01
1.1440361044e+04 2.8045529298e+04 -1.0198150253e+03 1.4337883332e+02 3.3573521853e+02 -1.2928929718e+01
-1.7693119214e+02 -6.4219457186e+01 -2.4971445214e+01 3.3853454793e+01 1.3921428740e+02 -2.4670449829e+01
4.0897658765e+01 2.1337960975e+02 6.9728958382e-01 1.1801940497e+02 -1.1584603179e+02 -4.8400285338e+00
9.7461355162e+01 4.3120171000e+02 -9.5661879471e+00 2.3225291694e+02 -2.4349106235e+02 -1.0298101115e+01
-4.8679100848e+04 3.2541642127e+04 -1.1977208551e+03 -3.0362175734e+02 2.0668931515e+02 -7.4227918500e+00
3.3714191903e+02 -3.5151525172e+00 1.8127195787e+01 -1.4430452371e+02 -2.1222118536e+02 3.4826770461e+01
3.0749878549e+04 -1.0501751850e+05 -4.7765835603e+02 1.0175644852e+02 -3.5325023318e+02 -1.8362402040e+00
1.3887440038e+02 1.9522557473e+02 1.0301965156e+01 6.5223024487e+01 -1.7029947037e+02 -1.5961065574e+01
5.3943304238e+02 -1.7463722782e+04 2.8537540799e+02 9.6974026374e-01 -3.6579181977e+02 5.0894436344e+00
3.4594561495e+02 -4.7116576902e+01 1.9191671622e+01 -1.7565067550e+02 -1.9942762385e+02 -3.6077798553e+00
-5.1916115860e-02 -4.4607919780e+02 -1.9434592866e+01 -2.8273284081e+02 1.8801766010e+02 -1.3424183967e+01
-8.2327674066e+01 1.4770724347e+02 -3.5106898550e+01 1.2831989525e+02 -1.0061413935e+01 3.6577214800e+00
5.7145315862e+01 9.4670535721e+00 1.1657864973e+01 -1.8080755986e+01 -4.0211589203e+01 -7.3395969011e+00
1.2782697122e+03 8.8505197641e+03 -7.2268850366e+01 7.2502643424e+01 3.6024681917e+02 -2.6412067220e+00
5.6712268600e+03 -3.5507587799e+03 5.3722378641e+02 2.9424442511e+02 -2.1612244148e+02 2.7062248512e+01
2.6510914821e+04 2.4201564086e+04 1.0501278473e+03 2.7431776024e+02 2.4367490256e+02 1.1181844607e+01
-2.4884020973e+04 7.8072606835e+04 -3.8985856001e+02 -1.0897815475e+02 3.4914895600e+02 -1.9121491118e+00
9.1549666859e+01 4.0036269414e+02 -4.4777598476e+00 2.1519573566e+02 -2.2674903866e+02 -1.3515866905e+01
-5.5201031377e+04 7.1803524919e+04 2.4803768091e+01 -2.1887845604e+02 2.8790413250e+02 4.4630221837e-01
-3.5524757558e+02 -7.9359685835e+00 -5.0110010253e+00 1.4467579979e+02 2.2852370817e+02 -2.4345177404e+00
-1.2709212388e+04 -1.6469173345e+04 -9.1517892672e+02 -2.3125275546e+02 -2.8542554588e+02 -1.6488911048e+01