-5.5807654967e+04 -3.7406040454e+04 3.0801062511e+03 -2.8901443277e+02 -1.9069154325e+02 1.6218884535e+01
2.5235953137e+03 2.2276560582e+04 4.7253655275e+02 4.6823023598e+01 3.4500930393e+02 7.1973259820e+00
4.0215955651e+02 1.4430328131e+01 5.8279469002e+00 2.6332282687e+02 -1.5998414360e+02 9.4362160209e+00
2.7963201700e+02 -1.4906513448e+02 1.4533119787e+01 1.1615210829e+02 -2.1301058024e+02 1.2881876245e+01
-2.3296723308e+02 9.2971953506e+01 -6.1965708720e+01 -1.0990545880e+02 1.5749557003e+02 -3.9763174884e+01
-8.9022909511e+03 5.6566721615e+02 -8.6736853610e+01 -3.4080634289e+02 4.0636485730e+01 -2.8031493056e-01
2.3427485968e+04 8.8952782568e+02 -1.1864353837e+03 3.4809596408e+02 5.8633486168e+00 -1.7874844468e+01
-1.8558337411e+02 -1.3784527211e+02 2.0321243826e+01 -1.7671255200e+02 -1.0089044371e+01 7.7796049869e+00
4.1652320725e+04 -1.8522358325e+04 -4.2341416820e+03 3.1376256600e+02 -1.4359102246e+02 -3.2608698862e+01
2.3649215688e+02 -1.5588665256e+01 -4.9642921546e+01 1.4471721932e+02 -1.0948020330e+02 -4.9005838495e+01
3.3908592647e+02 6.0538654997e+01 -9.5848084815e+00 2.4237560444e+02 -1.0394749233e+02 1.6191446164e+00
1.1353107225e+02 -1.2019689115e+02 4.4687813142e+01 2.2049624531e+01 -1.2465521245e+02 4.6270875200e+01
2.7130768395e+02 -8.1979273065e+01 2.2014339693e+01 1.3905268016e+02 -1.6659644414e+02 3.8634981656e+01
2.6853454097e+01 -3.0694772603e+02 1.0186413290e+02 -1.1197573249e+02 -2.0764649607e+02 5.8345491536e+01
-2.8366721778e+02 -6.8642439891e+00 5.6739940528e+01 -1.8434078385e+02 1.1496456303e+02 3.5523848472e+01
2.9982639904e+02 -1.0447805518e+02 -6.2089949106e+01 1.4782927454e+02 -1.9298637633e+02 -4.0570548639e+01
2.6380047244e+02 -1.8548514716e+02 5.6329406428e+01 9.0700056591e+01 -2.2964615577e+02 4.7177045380e+01
-4.8567034306e+04 -3.3177407851e+04 -1.7647058022e+03 -2.8148318086e+02 -1.8897679303e+02 -1.0883112257e+01
-1.0694724457e+01 -1.1595271632e+02 4.5637170876e+01 -5.5629302777e+01 -6.9671845648e+01 5.9569367911e+01
-1.9007046254e+02 3.5589926087e+02 2.1373879580e+01 2.8164451708e+01 3.0763444909e+02 6.8321017907e+00
-2.4088323205e+02 -1.3986896299e+02 1.6734096172e+00 -2.1294009961e+02 1.1883522436e+01 -1.2017797697e+01
-1.0024870336e+02 -3.8114119267e+02 1.2098929092e+01 -2.2449606076e+02 -2.0162412360e+02 2.5875224457e+01
-1.2634771791e+02 -3.5369491217e+02 -1.4469342341e+01 -2.2964191673e+02 -1.7308765276e+02 -1.1361638666e+01
-1.4910361225e+03 9.9616228418e+03 -9.4141710575e+02 -3.4427461483e+01 3.4539089303e+02 -3.3832774246e+01
7.5701587275e-01 -2.5134301348e+02 -2.1041800293e+01 -1.0527153275e+02 -1.6109687692e+02 -6.2985890811e+00
-1.2260579782e+02 7.3694176624e+00 -1.5981727505e+01 -7.5327165407e+01 5.6301899826e+01 -1.6309386083e+01
-2.0942331205e+02 -8.7397838016e+01 1.5919970571e+01 -1.7073817319e+02 3.2211495114e+01 -3.3226549736e+00
-4.6693561803e+04 5.4298567880e+04 -1.3443838963e+03 -2.2508647215e+02 2.6540486683e+02 -6.7207600872e+00
-1.4365853141e+02 2.3157618771e+02 4.7833075120e+01 5.5444256665e+00 2.0857983751e+02 4.1199024436e+01
-2.5789228761e+02 -1.6349112642e+02 3.6683684063e+01 -2.3375601407e+02 3.9280043704e+00 2.2163241087e+01
-2.8294758496e+04 -3.3345934888e+04 1.2735996630e+03 -2.2713947616e+02 -2.6165416189e+02 9.7193706262e+00
-2.3865389651e+02 1.6933133159e+01 -7.6492594109e-01 -1.4553666195e+02 1.1124780597e+02 1.4116247218e+00
1.7866720480e+01 -3.3731759450e+02 -4.8419410671e+01 -1.3049996486e+02 -2.2328937464e+02 -4.1464702580e+01
9.6772287675e+01 1.7364181195e+02 4.1729103008e+01 1.3496450829e+02 7.0355907457e+01 8.7896943557e-01
1.2312413648e+02 2.8543991452e+02 1.9748865024e+01 1.9886297587e+02 1.3078095548e+02 2.3100869791e+01
5.4438591922e+01 -8.1154979066e+01 -5.1934431320e+01 6.7763970354e-01 -7.4819125201e+01 -3.3202892601e+00
-2.6701015954e+02 1.4981668150e+02 4.3091543366e+01 -1.0776273251e+02 2.0817976175e+02 3.8481843518e-01
1.0916678952e+02 4.2445067486e+01 -3.1422541663e+01 8.7689968600e+01 -1.8780067993e+01 -2.7498082005e+01
1.0747010466e+02 4.7652444562e+01 1.0357781865e+01 8.8797170985e+01 -1.4737789743e+01 5.1266510090e+00
7.7978266838e-02 -6.1717243268e+01 2.9478776628e+00 -2.5917380838e+01 -3.9511629307e+01 7.2136843274e+00
-2.0533116413e+02 -3.3209687986e+02 -2.5213082821e+01 -2.7107825387e+02 -1.2603404454e+02 -2.6670723605e+01
1.1477135516e+02 4.9952508418e+01 -2.6787519890e+01 9.4435840352e+01 -1.6339471023e+01 -1.3305885336e+01
-9.4038983436e+03 -3.6155143458e+03 -4.2301007067e+02 -3.3028617039e+02 -1.0858805463e+02 -1.4205000095e+01
-2.5553858871e+02 -2.4951798524e+02 -9.1102712924e+00 -2.6844730459e+02 -5.2088741737e+01 3.5733850817e+01
2.2379184877e+02 -1.4906962815e+02 8.9963501359e+00 8.0430445801e+01 -1.8951792247e+02 1.9360284297e+01
6.0654660305e+04 4.4696950306e+04 -2.6022548885e+02 2.8031502969e+02 2.0373917923e+02 -9.9172980399e-01
-1.4015278593e+02 1.2768429526e+02 5.8652660695e+00 -3.5924498879e+01 1.4064865690e+02 -2.7277069450e+01
1.8376414623e+03 3.4953436890e+03 4.0499629424e+01 1.9903749571e+02 2.8464011504e+02 5.9711252376e+00
-6.7963346146e+01 -2.5934403326e+01 2.9871097414e+01 -5.4387167216e+01 1.2007162861e+01 -1.7866611718e+01
-6.3580785997e+01 -1.6003182208e+01 6.1125728165e+00 -4.7402199470e+01 1.6515130934e+01 1.1807351288e+01
1.2301525311e+03 1.5150571028e+04 7.9894059015e+02 3.9277358131e+01 3.4475785052e+02 1.7336564538e+01
-2.4640571981e+02 6.8651557239e+01 -5.5876764914e+00 -1.2873446854e+02 1.4759372236e+02 4.9141178562e+00
3.6204643705e+02 -1.5939130415e+01 2.4167979391e+01 2.2488703923e+02 -1.6253054558e+02 4.1930861301e+00
-9.7105195867e+01 -1.2805412822e+02 7.0888738977e+00 -1.1599295947e+02 -4.1053534013e+01 -2.5404028450e+01
-2.5165837995e+00 -1.5225274995e+02 -1.4679280689e+01 -6.5670945401e+01 -9.6331793403e+01 3.0697444104e+00
3.9179880414e+02 -1.1388633709e+01 -1.6845505979e+00 2.4583354757e+02 -1.7214027715e+02 -1.3093809727e+01
4.8687270209e+01 -3.8488141323e+02 -5.1790494548e+01 -1.3079777521e+02 -2.6668503662e+02 9.8229150679e-01
1.0282406247e+01 -1.2532208344e+02 1.0640060913e+01 -4.6152316846e+01 -8.4492349604e+01 3.9455314247e+00
2.0502649299e+02 -1.3768426791e+02 4.5365756052e+01 7.3217090372e+01 -1.7434051143e+02 2.8762234402e+01
5.9447585906e+03 -1.0785594137e+03 2.4111382960e+02 3.3641834676e+02 -8.9991054717e+01 1.4437052375e+01
8.1331010315e+01 1.5669843325e+01 2.1435994997e+00 5.8620853144e+01 -2.4199654216e+01 2.5286008484e+01
6.3439296700e+03 6.2878908831e+04 1.1117416928e+03 3.7511974177e+01 3.4487968250e+02 6.3678264824e+00
2.0210875273e+04 -3.5874396133e+04 2.7276160621e+03 1.6432595206e+02 -2.9983064508e+02 2.3519167952e+01
-3.6620792975e+01 8.6459243022e+01 1.6032815644e+01 1.2952573813e+01 7.0713822821e+01 -3.4957501327e+01
1.8654307298e+04 1.8899966923e+04 1.9876922589e+02 2.4920804283e+02 2.4330669355e+02 2.3048036463e+00
1.3477279957e+02 6.9672682900e+01 6.0966232058e+00 1.1552592226e+02 -1.2138615046e+01 1.2638365222e+01
1.4506346633e+02 -1.7076420130e+01 -1.8158921967e+01 8.5607144168e+01 -7.1959379196e+01 -2.7765635689e+01
1.9929478469e+02 -6.6875847303e+01 1.3447938521e+00 9.9346197194e+01 -1.2663334586e+02 2.0697134819e+01
5.3648261813e+03 -7.9967016403e+04 6.3439040961e+03 2.1005492459e+01 -3.4433218048e+02 2.7640026432e+01
-7.8715748236e+01 -2.2045579075e+02 8.9929590538e+01 -1.4311453468e+02 -1.0789562753e+02 5.2585011496e+01
-2.5495620414e+02 1.7195883242e+02 3.3442968253e+01 -9.0733609354e+01 2.1727316086e+02 1.7418183592e+00
1.1936484000e+02 -2.5734623918e+02 1.9331798345e+01 -3.1924769701e+01 -2.1484116313e+02 2.6174113352e+01
1.5171473359e+02 -4.8257343701e+01 1.5822018010e+01 7.6741571202e+01 -9.4705150861e+01 -9.6649393863e+00
4.4851367453e+04 -5.0404914680e+04 -8.0746909336e+02 2.2922808041e+02 -2.6139388273e+02 -4.4060511860e+00
1.0505784596e+04 6.1886053844e+03 -3.4338646795e+02 3.0711035917e+02 1.6452486249e+02 -9.6965107510e+00
-2.1287322035e+02 2.1740780655e+00 6.9372255737e-01 -1.3525205068e+02 9.0960552612e+01 -1.2915734779e+01
1.7458577428e+04 2.9795082137e+04 1.2871949690e+03 1.7967009583e+02 2.9673485546e+02 1.2621401919e+01
-3.1991563151e+04 -8.4713076302e+04 3.7236332395e+03 -1.2264600894e+02 -3.1953561469e+02 1.4404462627e+01
-1.6971235797e+02 1.8299421373e+01 8.8138228236e+00 -1.0085935512e+02 8.3114981768e+01 1.2716283599e+01
3.7298646495e+02 3.5563625781e+01 -8.3262363611e+00 2.5355224122e+02 -1.3419005545e+02 -3.0422282398e+01
-4.6440875196e+01 -1.1320604656e+02 -2.9908804894e+01 -7.7340245978e+01 -5.2872620144e+01 -3.0248057107e+01
-8.2642686891e+01 1.0495461868e+02 -8.6364147441e-02 -8.7052517505e+00 1.0190826548e+02 -4.7087844503e+00
-1.6864707395e+02 2.2722194541e+02 -1.1598825665e+01 -1.2272407786e+01 2.1630885308e+02 -1.2438553780e+01
3.7174424195e+03 -2.3098910987e+04 5.5967357995e+02 4.7958592150e+01 -3.4448539450e+02 8.5080964911e+00
1.3958979428e+02 1.6150302525e+02 2.4531099167e+01 1.5724658108e+02 4.4576343149e+01 3.8950624886e+01
-3.9590161067e+04 -7.0976514783e+04 2.6604510513e+03 -1.7016828968e+02 -3.0078815196e+02 1.1073793197e+01
-3.5258327255e+01 1.4454722816e+02 7.9822238776e+00 3.8264389204e+01 1.0729810231e+02 -1.3775862488e+01
8.3988873033e+01 3.2541378678e+02 -3.8408355575e+00 1.9064763446e+02 1.7282011740e+02 -2.6300631426e+01
1.6809198952e+02 1.5012643936e+02 1.9224750617e+01 1.7069291588e+02 2.5304526677e+01 5.7884699365e-01
2.1250009128e+02 -1.8247969536e+02 -2.2314474738e+01 5.9151869678e+01 -2.0613840344e+02 -1.7739485390e+01
-1.0625196687e+02 1.8821231637e+01 -3.5657746952e+01 -6.0048730664e+01 5.6746700984e+01 -4.0138194695e+00
1.8489440564e+01 3.3012060583e+01 1.0819912545e+01 2.5718170967e+01 1.3337596914e+01 -4.8192700790e+00
2.6585496392e+02 1.6965636965e+02 6.9425949847e+00 2.4144402749e+02 -3.3383800527e+00 -2.8559487347e+00
2.4242570065e+02 -1.8570097642e+02 5.0768189772e+01 7.6937664951e+01 -2.2079155520e+02 3.0102829526e+01
-2.0640687148e+02 -3.3771949183e+02 -3.2956690969e+01 -2.7413401151e+02 -1.2918286658e+02 -1.4933556205e+01
2.2994030776e+04 -4.3324228141e+04 -2.8307214604e+03 1.6005696457e+02 -3.0907489261e+02 -2.0109190750e+01
-1.5494749836e+02 2.0734547639e+02 -6.8785101182e+00 -1.1874410071e+01 1.9782966667e+02 -1.4556309454e+01
5.9826211314e+04 4.8986704219e+03 -3.3263818833e+03 3.4502943396e+02 2.5458771060e+01 -1.9608290473e+01
-1.4276279238e+02 -1.7475728845e+02 -5.5824135492e+00 -1.6485300408e+02 -5.1719141123e+01 -3.5426216226e+00
3.1821198652e+02 -1.3502975356e+02 -2.5857626525e+01 1.4673733637e+02 -2.2026628435e+02 -8.5373285284e+00