-5.5878802876e+04 6.3982552324e+04 7.1116958311e+03 -2.3281241338e+02 2.6971934049e+02 3.0081821688e+01
-3.1301871714e+03 4.4260744141e+04 -1.3246617484e+03 -2.1292109393e+01 3.5816656424e+02 -1.0715776044e+01
1.0565022418e+04 -1.9682771581e+04 2.8851415513e+02 1.6304354265e+02 -3.2049773913e+02 4.4251477543e+00
2.6550280023e+02 -3.9459550759e+02 1.3806629448e+01 -2.7936974419e+02 -1.9538142652e+02 1.0386787206e+01
-2.4036295889e+02 2.8962051424e+02 -6.0589122696e+01 2.0445927447e+02 1.7600741748e+02 -2.9633656481e+01
-2.6011896829e+04 -1.7440919216e+04 1.3108763503e+03 -2.9701460920e+02 -1.9250119700e+02 1.5809329760e+01
4.2317084452e+04 1.6896249951e+04 1.1169396312e+03 3.3505434842e+02 1.2962084423e+02 9.0803419510e+00
-3.4156880013e+02 -5.1749604037e+01 2.0466899934e+01 -4.1502799253e+01 2.4412892158e+02 4.6342724748e+00
3.5972025289e+04 -5.3925556999e+04 -1.3562054817e+03 1.9462581426e+02 -2.9648278138e+02 -6.9313366433e+00
2.9946768334e+02 -1.8379692650e+02 -4.6593431391e+01 -1.2785443143e+02 -2.1700103036e+02 -4.0315050472e+01
4.2404016935e+03 -1.0133076964e+03 -7.9771907300e+01 3.3776907106e+02 -1.2265463087e+02 -6.7797216161e+00
6.5973782472e+01 -2.4144499974e+02 4.1697924305e+01 -1.7218714538e+02 -5.0402009962e+01 3.8375169989e+01
3.0079634391e+02 -2.9609213108e+02 1.8743408893e+01 -2.0831822505e+02 -2.1940410871e+02 3.4213637397e+01
-1.8232319899e+02 -4.2092383104e+02 1.0039805033e+02 -3.0402675484e+02 1.2522701226e+02 4.1929437723e+01
-3.8220130361e+02 1.8884409581e+02 5.5580009987e+01 1.3040342324e+02 2.7635884870e+02 2.6278324040e+01
3.2466766251e+02 -3.4806551706e+02 -6.0628009942e+01 -2.4525842199e+02 -2.3718298535e+02 -3.0396295978e+01
2.1965132660e+02 -4.3004119865e+02 5.3825977256e+01 -3.0536628822e+02 -1.6297872017e+02 3.7598629816e+01
-5.8538375063e+04 4.9113431857e+04 -6.3575904975e+03 -2.6700466958e+02 2.2683029553e+02 -2.9746600903e+01
-9.6041408919e+01 -1.4608323042e+02 4.1185871099e+01 -1.0593685358e+02 6.6943585645e+01 5.1092534891e+01
2.8925444181e+03 2.4123444320e+04 -4.8356545288e+02 4.9952006002e+01 3.5489624692e+02 -6.8149840318e+00
-4.1590752969e+02 -1.0906556075e+01 3.1222216904e+00 -1.3192953167e+01 2.9793299385e+02 -1.1851908288e+01
-1.8427497476e+04 8.2905925668e+03 5.2840353103e+02 -3.2370359372e+02 1.5515628344e+02 1.0170261510e+01
9.5377400084e+03 1.1429259260e+04 5.5437923845e+02 2.3917689541e+02 2.6793807944e+02 1.3346855996e+01
-3.2927980137e+04 1.0340017692e+04 2.0220336962e+03 -3.3753961838e+02 1.1134079143e+02 2.1504275511e+01
-1.7773239862e+02 -3.3117878042e+02 -2.1392037454e+01 -2.3964794710e+02 1.2309731258e+02 -3.1007005505e+00
-1.5635081448e+02 9.6672669395e+01 -1.4939522441e+01 6.7262978318e+01 1.1330373042e+02 -1.3493646025e+01
-3.3614667625e+02 3.5563597900e+01 1.7103008835e+01 2.1142168905e+01 2.4137058034e+02 -5.4706488128e+00
5.8344269117e+04 6.7791364529e+04 -3.6777753424e+03 2.3469742147e+02 2.6966874271e+02 -1.4846821464e+01
-2.5473918525e+01 4.0559467846e+02 4.5578093883e+01 2.9035467006e+02 2.3499443453e+01 3.3027156496e+01
-4.6094098501e+02 -3.4711466183e+01 3.6024993054e+01 -3.0832907275e+01 3.2990022797e+02 1.6212774791e+01
-5.6503896379e+04 -3.0382309759e+04 -1.2283413905e+02 -3.1582842146e+02 -1.6671210247e+02 -9.9935030963e-01
-3.0284991012e+02 1.9258791439e+02 -9.6387668069e-01 1.3411034299e+02 2.1953672941e+02 1.4728073340e+00
-1.8686935238e+03 -1.2029741784e+03 2.3596552245e+02 -3.3709315316e+02 -1.2157686851e+02 4.3922478792e+01
2.5018489629e+02 1.6093530630e+02 4.3741728116e+01 1.1857350836e+02 -1.7722390581e+02 -5.0731531937e+00
3.6037034574e+02 2.8845843200e+02 1.8126479122e+01 2.1139288646e+02 -2.5454437933e+02 1.9522492193e+01
1.2002980411e+01 -1.4767082611e+02 -5.4186560180e+01 -1.0567719317e+02 -1.0510856251e+01 4.1622241605e+00
-2.4902811796e+02 3.8848125096e+02 4.5229226873e+01 2.7520049303e+02 1.8349456141e+02 -5.7440886098e+00
1.7798187411e+02 -2.2098559688e+01 -2.9891982633e+01 -1.3538312682e+01 -1.2784147195e+02 -2.2115258016e+01
1.7383911005e+02 -1.4369040923e+01 1.0300199791e+01 -8.0505280799e+00 -1.2477361068e+02 3.4844849973e+00
-4.4148448763e+01 -8.3234124336e+01 2.2783019499e+00 -6.0222708719e+01 3.0565146315e+01 6.5531526334e+00
-7.9994289081e+03 1.7276135747e+04 -5.6747236801e+02 -1.4185092305e+02 3.2841217635e+02 -9.8382944729e+00
1.8324565493e+02 -1.6576925000e+01 -2.6633239026e+01 -9.5107540574e+00 -1.3154405120e+02 -9.0572946828e+00
-2.1026598329e+04 -2.5014169859e+04 -9.9258712435e+02 -2.3458097450e+02 -2.7057489589e+02 -1.0624316839e+01
1.1126950979e+03 -8.4996692696e+03 -4.0023160114e+02 2.6160864769e+01 -3.5696207470e+02 -1.9188450001e+01
1.9223644064e+02 -3.5478410986e+02 7.2542364701e+00 -2.5178463725e+02 -1.4235797751e+02 1.7433571716e+01
2.3811316342e+04 -8.8796891442e+04 -6.8702419747e+03 9.1105930405e+01 -3.4719619011e+02 -2.6917725949e+01
-9.4677088533e+01 2.6154705865e+02 9.2583072812e+00 1.8622452737e+02 7.1235795725e+01 -2.7193928923e+01
1.4126436278e+02 2.6415574124e+04 8.6333393830e+02 8.6654674949e+00 3.5833487458e+02 1.2061095003e+01
-1.0697087110e+02 1.4501404057e+01 3.3411201633e+01 9.0099406360e+00 7.6851887852e+01 -2.1506500026e+01
-9.7731570874e+01 2.0300967187e+01 5.0817867477e+00 1.3287752552e+01 7.0305634711e+01 1.0543460056e+01
-2.0903144600e+04 3.1752362851e+04 9.5732505008e+02 -1.9285976824e+02 3.0129485048e+02 8.4997931449e+00
-2.7408666289e+02 2.6577261786e+02 -6.4283192767e+00 1.8693189625e+02 1.9986909481e+02 5.5422274472e+00
2.3523950705e+03 1.0346650293e+04 4.5148471432e+02 9.5870096894e+01 3.4565104122e+02 1.5580594457e+01
-2.1900298537e+02 -1.0629928132e+02 1.0331253266e+01 -7.9012258237e+01 1.5558398241e+02 -2.5557426422e+01
-1.0929321299e+02 -2.0192420997e+02 -1.5770806181e+01 -1.4612853712e+02 7.5720211149e+01 5.0501362762e+00
-1.0381800720e+04 -1.6105718983e+04 -5.7578127163e+02 -2.0248358087e+02 -2.9707431421e+02 -1.0600029192e+01
-1.7659068416e+04 7.3480641177e+03 1.3541790561e+03 -3.2751928881e+02 1.4623100602e+02 2.6322548064e+01
-7.6883943885e+01 -1.7387033128e+02 1.0730833326e+01 -1.2560317537e+02 5.2854344339e+01 2.3029476796e+00
1.7356369784e+02 -3.2521818947e+02 4.4397535031e+01 -2.3083622146e+02 -1.2859416375e+02 2.1358014340e+01
2.7310878896e+04 8.5021455276e+03 1.2803598588e+03 3.4471817064e+02 1.0078635884e+02 1.6066285166e+01
1.1282055499e+02 -3.8766830000e+01 -6.1802119963e-01 -2.6323417056e+01 -8.1358491130e+01 2.4133001486e+01
8.0243237375e+04 1.2046938787e+04 3.2116790907e+03 3.5419209234e+02 5.0987145011e+01 1.4381733271e+01
-7.7736359592e+03 -5.9797708512e+04 4.7389111443e+03 -4.8219160045e+01 -3.4930834306e+02 2.7145481395e+01
1.2526998344e+01 1.4173682776e+02 2.0812335527e+01 1.0174229000e+02 -7.1465970003e+00 -3.6059636766e+01
2.7624061365e+04 4.0002500939e+04 -1.5281322972e+03 2.0690673110e+02 2.9317074692e+02 -1.1160279046e+01
2.2872611575e+02 -3.4162708173e+00 4.9707040349e+00 5.0733694533e-01 -1.6396839661e+02 1.1348843401e+01
1.8208434781e+02 -1.2415512947e+02 -1.5926568090e+01 -8.6627773573e+01 -1.3210148617e+02 -2.4256338603e+01
2.1638043409e+02 -2.3210199944e+02 -9.3639544313e-01 -1.6354699915e+02 -1.5807545761e+02 1.9811535368e+01
-9.7320235395e+04 3.4430748914e+02 2.9544578243e+03 -3.5530578685e+02 3.0120394460e+00 1.0478804408e+01
-2.5143275862e+02 -2.3355923130e+02 8.8513215784e+01 -1.7064086759e+02 1.7718075881e+02 3.8056189068e+01
-2.1654162066e+02 4.0473850442e+02 3.4938196743e+01 2.8727238040e+02 1.6042357752e+02 -3.0632146837e+00
-2.4895607188e+01 -4.2802049786e+02 1.7339465910e+01 -3.0707670054e+02 1.2311410594e+01 2.2551771733e+01
1.6661480654e+02 -1.6797745231e+02 1.7719989975e+01 -1.1823431264e+02 -1.2158214019e+02 -1.1586141821e+01
-5.8555070811e+04 -6.1886624007e+04 -3.5670644540e+03 -2.4711508402e+02 -2.5815751103e+02 -1.5159977064e+01
8.9285761167e+03 3.4753217191e+04 -3.9059075701e+02 9.3990785270e+01 3.4584660103e+02 -4.0908390159e+00
-2.7989399195e+02 1.4816258958e+02 2.1948632388e+00 1.0256968999e+02 2.0251220524e+02 -1.2580657519e+01
3.6735967840e+04 4.0922488070e+04 1.3871647030e+03 2.4204925865e+02 2.6484527447e+02 8.8036341204e+00
-4.5730725439e+04 9.6828392373e+04 8.4246455834e+03 -1.5088422092e+02 3.2329681371e+02 2.8355501020e+01
-2.1081326258e+02 1.4087002333e+02 7.8166083899e+00 9.8235426883e+01 1.5290840952e+02 1.1038493724e+01
-1.2345340782e+04 6.2773414929e+03 2.5172298473e+01 -3.1341418148e+02 1.7351343753e+02 -6.5881647872e-01
-1.3793089709e+02 -1.1723628427e+02 -2.7989477291e+01 -8.5805038480e+01 9.7338723450e+01 -2.4987770692e+01
-3.5736053526e+01 2.0093489191e+02 4.4374287326e-01 1.4354457932e+02 2.8207138757e+01 -4.5384688456e+00
-6.1208486464e+01 4.1779869689e+02 -1.0774116755e+01 2.9863910220e+02 4.9267595222e+01 -1.0374810432e+01
8.1368630950e+03 -4.3767934258e+04 -1.1389086942e+03 6.1788373730e+01 -3.5413917579e+02 -9.1193022503e+00
2.9994092871e+02 1.1303365728e+02 2.1351743122e+01 8.4885993723e+01 -2.1350156139e+02 3.4161481459e+01
-5.8019317191e+04 7.9157805211e+04 9.0351331037e+03 -2.1047737072e+02 2.9020532667e+02 3.3166312828e+01
5.6414241656e+01 2.1882232327e+02 9.9499504975e+00 1.5755494742e+02 -3.7603823916e+01 -1.4446371874e+01
3.4391081433e+02 3.7226652672e+02 -1.0474690891e+00 3.1157543536e+02 -1.7915011483e+02 -2.4858868129e+01
3.2553615394e+02 7.7605970237e+01 2.0132235260e+01 5.9827514742e+01 -2.3230394044e+02 -2.1691550245e+00
1.5189926513e+02 -3.9442183580e+02 -2.1430517538e+01 -2.8071246258e+02 -1.1396058464e+02 -1.3976933868e+01
-1.2500976906e+02 1.0183246274e+02 -3.7007203583e+01 7.1365166164e+01 9.0908644922e+01 1.1818208596e+00
4.7624206678e+01 2.9019419927e+01 1.1914653643e+01 2.1413657278e+01 -3.3756095453e+01 -6.1931755311e+00
4.6925225123e+02 3.9520510856e+01 7.6182097877e+00 3.4388309746e+01 -3.3579670749e+02 -3.7454478935e+00
1.8854014328e+02 -4.1658690355e+02 4.9921281985e+01 -2.9612479887e+02 -1.4050809665e+02 2.1886841905e+01
-1.8127232083e+04 1.0899406575e+04 1.0641542768e+03 -3.0269409677e+02 1.9181885533e+02 1.7592405789e+01
-8.7350054330e+03 -6.8317619874e+04 3.1101579962e+03 -4.8152773284e+01 -3.5640585618e+02 1.6389805949e+01
-5.6367800311e+01 3.8561347873e+02 -5.5744716620e+00 2.7563396230e+02 4.5381458321e+01 -1.3091435407e+01
4.9478429571e+04 -6.1505049803e+04 -1.1714450656e+03 2.1962735298e+02 -2.7652849499e+02 -4.8756148904e+00
-3.1272286515e+02 -1.2895298357e+02 -5.4628927353e+00 -9.6460420906e+01 2.2245679681e+02 -2.6313949340e+00
2.8867956622e+03 -3.2424883168e+03 -1.3169317759e+02 2.0647429350e+02 -2.9352451508e+02 -1.2800853415e+01