-1.5653784223e+04 5.8438676083e+04 1.6869676601e+03 -8.6131332051e+01 3.3212854576e+02 9.9474504737e+00
1.0324422386e+04 -1.0915291090e+04 -3.6772486097e+02 2.2845170240e+02 -2.5803408955e+02 -8.6338821776e+00
3.1997498123e+02 3.7407050494e+01 5.7470058825e+00 2.7006027814e+02 9.0747461583e-01 9.8060316164e+00
2.3210516045e+02 -1.0093128669e+02 1.4179925696e+01 1.8379074954e+02 -1.0601190641e+02 1.3395308048e+01
-1.9160719470e+02 5.8671796255e+01 -6.0244283221e+01 -1.5405492908e+02 6.6984797555e+01 -4.1370319206e+01
-1.4965276991e+02 3.0523825360e+02 -5.0462661127e+01 -9.5796946776e+01 2.6839660493e+02 -4.2918381124e+01
-9.9243944410e+03 -1.2563641734e+04 -2.0197280231e+01 -2.2147774757e+02 -2.6325915215e+02 2.3769426299e-01
-1.3921289329e+02 -1.2167914388e+02 1.9681949052e+01 -1.2746027870e+02 -8.8191703577e+01 8.1047308411e+00
-2.8186790220e+04 -2.6969185188e+04 -3.1100021485e+03 -2.4959604774e+02 -2.3288052797e+02 -2.7875564809e+01
1.9000170405e+02 2.3447339894e+00 -4.8507574274e+01 1.5848199437e+02 -1.6010780445e+01 -5.0951698803e+01
2.6574962487e+02 6.9609047635e+01 -9.2081126142e+00 2.2793609082e+02 3.2860777883e+01 1.6687972351e+00
9.7807918452e+01 -8.8201777311e+01 4.3696440727e+01 7.3132548429e+01 -8.2712892968e+01 4.8105290254e+01
2.2167060035e+02 -4.8502994450e+01 2.1751102875e+01 1.8005327145e+02 -6.1356885980e+01 4.0146719826e+01
4.1498257608e+01 -2.4323248142e+02 9.8934540213e+01 1.1570241071e+01 -2.0652546287e+02 6.0717961233e+01
-2.2537392674e+02 -2.3068845074e+01 5.5151096499e+01 -1.8990427844e+02 2.0892696775e+00 3.6961448590e+01
2.4535345140e+02 -6.4473077413e+01 -6.0375413930e+01 1.9827105746e+02 -7.6896214299e+01 -4.2208846564e+01
2.2183853139e+02 -1.3123907381e+02 5.4921333069e+01 1.7237288704e+02 -1.3028614835e+02 4.9061425931e+01
-1.1507484567e+04 5.1013339405e+04 -2.3326480666e+02 -7.0941153859e+01 3.2830594721e+02 -2.2603968121e+00
-1.1282990262e+00 -9.2991593548e+01 4.4799772388e+01 -9.7304242228e+00 -7.7350766253e+01 6.1915492589e+01
-1.7446181311e+02 2.7098475659e+02 2.0682275633e+01 -1.1970224312e+02 2.4221113442e+02 7.1222298163e+00
-1.8278218729e+02 -1.2748632980e+02 1.4408563710e+00 -1.6430323694e+02 -8.8910997145e+01 -1.2476926688e+01
-5.5748081807e+01 -3.1015284094e+02 1.2020226477e+01 -7.5755742919e+01 -2.5307103658e+02 2.6884240298e+01
-7.7813210243e+01 -2.8971268407e+02 -1.4096895195e+01 -9.2201978076e+01 -2.3396156291e+02 -1.1816631957e+01
2.5412862626e+03 -1.2339597205e+03 -8.5854063887e+01 2.7660003116e+02 -2.0061618383e+02 -3.0005486288e+00
1.6995442790e+01 -2.0028142683e+02 -2.0354867636e+01 -4.7776728339e+00 -1.6843255688e+02 -6.5678048053e+00
-9.8176262543e+01 -2.0671454877e+00 -1.5623792843e+01 -8.1971840265e+01 7.5593732542e+00 -1.6956274255e+01
-1.6129771254e+02 -8.3676223008e+01 1.5285293173e+01 -1.4226602088e+02 -5.4449432492e+01 -3.4294364385e+00
5.6204429410e+04 3.4186760963e+04 4.1602602636e+03 2.9592130703e+02 1.7695024007e+02 2.1881244108e+01
-1.2953860959e+02 1.7547691568e+02 4.6653557155e+01 -9.1309889424e+01 1.5841058708e+02 4.2842854755e+01
-1.9436415932e+02 -1.4623574972e+02 3.5645036317e+01 -1.7571859916e+02 -1.0343607428e+02 2.3061830384e+01
-1.4575971838e+04 3.4134266663e+04 1.2249548639e+03 -1.3039850713e+02 3.1702421655e+02 1.0901346228e+01
-1.9113469311e+02 -2.0757289605e+00 -7.1663703196e-01 -1.5940340186e+02 1.6339702722e+01 1.4648133632e+00
3.5394999585e+01 -2.6721264986e+02 -4.7222032632e+01 4.2233328245e+00 -2.2591979949e+02 -4.3119495760e+01
6.6004089684e+01 1.4457093661e+02 4.0201773047e+01 6.8645289973e+01 1.1418082714e+02 9.6712726772e-01
8.0219623612e+01 2.3584924209e+02 1.9348445701e+01 8.9116926350e+01 1.8886552003e+02 2.4013366274e+01
4.8769931216e+01 -6.0656846813e+01 -5.0065217637e+01 3.4890749093e+01 -5.5135826631e+01 -3.5154673385e+00
-2.2184064135e+02 1.0214059069e+02 4.1506915602e+01 -1.7512754405e+02 1.0604795298e+02 4.5578467711e-01
8.3614426093e+01 4.0640404432e+01 -3.0653854156e+01 7.3488475465e+01 2.5949719893e+01 -2.8594591820e+01
8.2701093208e+01 4.5201149619e+01 1.0048437974e+01 7.3160421712e+01 2.9831501608e+01 5.3369483102e+00
3.9715579542e+00 -4.8869563525e+01 2.9416246058e+00 -1.3105349092e+00 -4.1081468039e+01 7.4944307143e+00
-1.4357029513e+02 -2.7779893741e+02 -2.4661768211e+01 -1.4584815964e+02 -2.1781571752e+02 -2.7727377093e+01
8.8630328350e+01 4.7671367720e+01 -2.5988159267e+01 7.8333214768e+01 3.1327402637e+01 -1.3851573706e+01
6.4047078380e+02 1.7969688763e+03 3.9866321683e+01 1.9538476916e+02 2.8381940908e+02 2.6372583965e+00
-1.8780175338e+02 -2.1473012050e+02 -8.2662286920e+00 -1.7672739028e+02 -1.6110559579e+02 3.7093638213e+01
1.8757988627e+02 -1.0460881392e+02 8.9395400690e+00 1.4635532316e+02 -1.0486571487e+02 2.0115173773e+01
3.5552923109e+04 -5.9940437105e+04 -4.2968320510e+03 1.7343142488e+02 -2.9720772021e+02 -2.1365896982e+01
-1.2039007583e+02 9.3595832983e+01 5.2611581245e+00 -9.1427331773e+01 8.9343481210e+01 -2.8316469344e+01
-3.9349399510e+00 3.3232052343e+02 7.8911524544e+00 2.8142191092e+01 2.7718134013e+02 1.7906137300e+01
-5.2579616623e+01 -2.5218812245e+01 2.8514910380e+01 -4.6181089381e+01 -1.6034948939e+01 -1.8513479389e+01
-4.9569140657e+01 -1.6118700650e+01 6.0548288828e+00 -4.2809708243e+01 -8.7408226848e+00 1.2268555680e+01
3.6379056946e+03 -5.9002569742e+03 1.2621903383e+02 1.5932252990e+02 -3.0451313931e+02 8.8160278833e+00
-2.0103050265e+02 3.8508177251e+01 -5.3116465530e+00 -1.6380977117e+02 5.1081351489e+01 5.0954628103e+00
2.8927393358e+02 1.1139127566e+01 2.3335764751e+01 2.4200701019e+02 -1.8067713021e+01 4.3855574883e+00
-6.9598371423e+01 -1.0738996107e+02 6.4662349931e+00 -6.8120457851e+01 -8.2870042141e+01 -2.6369934725e+01
7.3066559810e+00 -1.2121658271e+02 -1.4093979804e+01 -5.3717897958e+00 -1.0165671111e+02 3.1684356895e+00
3.1327422169e+02 1.6733726330e+01 -1.8084865134e+00 2.6252683341e+02 -1.5678934318e+01 -1.3598621206e+01
6.3686919644e+01 -3.0303488958e+02 -4.9865441501e+01 2.4402622938e+01 -2.5843539400e+02 9.5245858992e-01
1.6411355986e+01 -9.8863128747e+01 1.0303514065e+01 4.3250447607e+00 -8.3900653418e+01 4.1108587701e+00
1.7228482762e+02 -9.6760949638e+01 4.4100524607e+01 1.3435682638e+02 -9.6884434278e+01 2.9925452593e+01
3.1399920064e+02 -1.2732897151e+02 -1.5759903253e+01 2.4951088166e+02 -1.3574804562e+02 8.3428278438e+00
6.4434680274e+01 1.8464355969e+01 2.4238786842e+00 5.5419154824e+01 9.2855240153e+00 2.6259424348e+01
5.1108998984e+04 -2.4114852725e+04 3.2362111636e+02 3.0952816545e+02 -1.4933669426e+02 2.2540964018e+00
-3.4499125818e+04 -3.8115885413e+03 1.7447376777e+03 -3.3682175634e+02 -3.2482142981e+01 1.8016364066e+01
-3.4549684299e+01 6.6307639029e+01 1.4944362008e+01 -2.2510885124e+01 5.8496708900e+01 -3.6278460488e+01
4.9192024534e+03 -1.9380085477e+04 1.3991110394e+02 7.6253778646e+01 -3.3521970879e+02 2.0173108629e+00
1.0266887752e+02 6.4052152583e+01 6.0512786565e+00 9.1573183661e+01 4.3647627683e+01 1.3131447844e+01
1.1637086397e+02 -4.6466802655e+00 -1.7883470519e+01 9.6490919399e+01 -1.4870125296e+01 -2.8855118938e+01
1.6275089665e+02 -4.0108024367e+01 1.5893296686e+00 1.3177390219e+02 -4.8792672016e+01 2.1493361976e+01
-7.2711911550e+04 -1.9202852419e+04 5.0805623650e+03 -3.3057513026e+02 -8.5007049585e+01 2.2755868870e+01
-4.9597563509e+01 -1.8166411005e+02 8.7358516568e+01 -5.8489181940e+01 -1.4662408181e+02 5.4720797719e+01
-2.1416715822e+02 1.2111771256e+02 3.2233663626e+01 -1.6693930354e+02 1.2113123697e+02 1.8522914628e+00
1.1137893465e+02 -1.9676073999e+02 1.8990447631e+01 7.4175219291e+01 -1.7442099216e+02 2.7204034469e+01
1.2416226707e+02 -2.9169171992e+01 1.5100814997e+01 1.0066179756e+02 -3.6034645662e+01 -1.0015301442e+01
-4.6587140163e+04 -4.1546476838e+04 -3.5898248400e+03 -2.5811351754e+02 -2.2650934232e+02 -1.9588365195e+01
-1.0387661554e+03 -4.7347029710e+03 9.7413452046e+01 -1.0785943553e+02 -3.2683282259e+02 7.8407844569e+00
-1.7012102077e+02 -1.1159825014e+01 4.8455821109e-01 -1.4275437362e+02 6.7877616106e+00 -1.3410609278e+01
9.4080201097e+03 -2.5435419426e+04 -1.7698519432e+03 1.1344451593e+02 -3.2492538585e+02 -2.2604573368e+01
-7.1029976506e+04 4.4904681104e+04 2.6060863906e+02 -2.8644846964e+02 1.8337192259e+02 1.4001853491e+00
-1.3670724187e+02 4.1230585138e+00 8.6693198257e+00 -1.1347889989e+02 1.6358891230e+01 1.3215900609e+01
2.9517996850e+02 5.1921367139e+01 -8.4513731191e+00 2.5077764994e+02 1.5342291736e+01 -3.1600920230e+01
-3.0271111524e+01 -9.3375644881e+01 -2.9235059134e+01 -3.4042090430e+01 -7.4913515627e+01 -3.1448152534e+01
-7.2131036897e+01 7.7813918811e+01 -1.5010116151e-01 -5.2727907896e+01 7.1632737522e+01 -4.8896469343e+00
-1.4919140102e+02 1.7033356391e+02 -1.1347607578e+01 -1.0816622219e+02 1.5598443429e+02 -1.2931141805e+01
-1.3875672354e+04 7.9879496132e+03 1.3277845321e+02 -2.9293423002e+02 1.8093212767e+02 2.5126931801e+00
1.0050155612e+02 1.3772765442e+02 2.4179478910e+01 9.6733698075e+01 1.0522101287e+02 4.0477761285e+01
-6.3515644336e+04 4.1119346579e+04 4.8008678055e+03 -2.8705776745e+02 1.8849828243e+02 2.2033265753e+01
-3.7226994483e+01 1.1239290528e+02 7.4918859890e+00 -2.0385398915e+01 9.7136973474e+01 -1.4294248794e+01
4.5790093740e+01 2.6481503077e+02 -4.0729063715e+00 6.3176022685e+01 2.1625042260e+02 -2.7315207603e+01
1.2449166678e+02 1.3086836974e+02 1.8523575710e+01 1.1606900603e+02 9.7237192334e+01 6.2613699640e-01
1.8069286576e+02 -1.3129505061e+02 -2.1743184275e+01 1.3809863527e+02 -1.2644332333e+02 -1.8449527281e+01
-8.5984805998e+01 7.7371847063e+00 -3.4399006967e+01 -7.0891492880e+01 1.4574058973e+01 -4.2143931078e+00
1.2502374049e+01 2.7713414942e+01 1.0352158811e+01 1.3034742282e+01 2.1902333574e+01 -4.9901509942e+00
2.0144833115e+02 1.5188268838e+02 6.6458198099e+00 1.8215333583e+02 1.0746530910e+02 -2.9565225635e+00
2.0510045113e+02 -1.3235556520e+02 4.9322659423e+01 1.5832683586e+02 -1.2963520176e+02 3.1324552557e+01
-1.4254129291e+02 -2.8279509536e+02 -3.1952818576e+01 -1.4546618443e+02 -2.2208035416e+02 -1.5549768895e+01
-4.2292306884e+04 -2.5078180390e+03 -2.4037323128e+03 -3.4395916322e+02 -1.6349334360e+01 -1.9578584171e+01
-1.3680016099e+02 1.5477225920e+02 -6.8315724965e+00 -9.9318548431e+01 1.4185080986e+02 -1.5124033295e+01
3.2159764873e+03 -5.4883137699e+04 -3.4623019054e+03 1.6884727642e+01 -3.4070505996e+02 -2.1091954642e+01
-1.0234595365e+02 -1.4846153388e+02 -5.4267697470e+00 -9.9284486993e+01 -1.1398681605e+02 -3.6858874383e+00
2.6216021828e+02 -8.6917440965e+01 -2.5024805971e+01 2.1015125435e+02 -9.7181403888e+01 -8.8987599845e+00