-3.7628108209e+04 2.0291652079e+04 3.6187642482e+03 -2.9129636702e+02 1.6148436150e+02 2.7928157743e+01
-8.5230990171e+01 2.2676114493e+02 1.2605602608e+01 -1.5938615865e+02 -1.8931799658e+02 -4.6848160902e-01
1.9772740269e+02 -5.6906667408e+01 4.9220689251e+00 -4.8179375350e+01 2.0459583703e+02 9.6955634890e+00
1.1082705349e+02 -1.1623719309e+02 1.2659979634e+01 4.8126989770e+01 1.5685509169e+02 1.2335742013e+01
-9.8339802399e+01 8.0793300439e+01 -5.4528446038e+01 -2.2800645408e+01 -1.2800612134e+02 -3.5736213689e+01
-1.2739511606e+01 2.1627048835e+02 -4.5280383581e+01 -1.8628909736e+02 -1.1949544524e+02 -3.8801368867e+01
2.3828409037e+02 4.3488981442e+01 -1.4312105042e+01 -1.5789672214e+02 1.9052932852e+02 1.6585586608e+01
-1.1183651108e+02 -3.6907367871e+01 1.8072841097e+01 8.8803046128e+01 -8.1170546973e+01 5.8697380536e+00
-1.4447374304e+04 -1.2457659365e+04 -1.5687892787e+03 -2.5665897409e+02 -2.0994206239e+02 -2.6291802714e+01
1.1264727060e+02 -4.6428825326e+01 -4.3063279213e+01 -1.4971489599e+01 1.2356279381e+02 -4.7700774009e+01
1.7182819607e+02 -2.4724849228e+01 -8.7159311971e+00 -6.3901405206e+01 1.6543680415e+02 3.1123538767e+00
3.5307974146e+01 -7.5051023443e+01 3.8686781072e+01 4.9203124072e+01 6.8985970855e+01 4.5337642488e+01
1.1804686044e+02 -8.4090897088e+01 1.8484133676e+01 1.5877388530e+01 1.4720790917e+02 3.9949655507e+01
-3.5086456999e+01 -1.5380925073e+02 8.9892535516e+01 1.5456171446e+02 4.5654182855e+01 5.0939267642e+01
-1.3708696905e+02 4.2703069449e+01 4.9961986852e+01 3.0514084021e+01 -1.4347591920e+02 3.1737251913e+01
1.2732047049e+02 -9.8713792159e+01 -5.4611410472e+01 2.4266689048e+01 1.6278461767e+02 -3.6617021158e+01
9.7166575841e+01 -1.3194310669e+02 4.9168959835e+01 6.8947666962e+01 1.5253928651e+02 4.4751971651e+01
-1.7351199839e+04 2.8526158560e+04 1.2602435437e+03 -1.6600182724e+02 2.8196958965e+02 1.1336365818e+01
-2.3538871739e+01 -5.4098903537e+01 3.9062433519e+01 5.9964296878e+01 6.0837677893e+00 5.9995832227e+01
-3.6299794375e+01 2.0134475725e+02 1.9057941174e+01 -1.6121519108e+02 -1.3302038121e+02 4.6720294386e+00
-1.3871497287e+02 -3.0923589372e+01 1.9469016561e+00 9.6909778991e+01 -1.0811017755e+02 -1.3593006865e+01
-1.0951375227e+02 -1.6803486376e+02 9.9905729566e+00 2.0445337684e+02 -1.3529380328e+01 2.7117701367e+01
-1.1644905459e+02 -1.5058720048e+02 -1.2657455648e+01 1.9238071995e+02 -2.8435098607e+01 -1.0653943824e+01
2.1724125198e+02 -2.5929699023e+01 -3.7004839903e+01 -8.5537651482e+01 2.0649447647e+02 -3.0762704426e+01
-3.8890069280e+01 -1.2196327811e+02 -1.8777328261e+01 1.2809609752e+02 2.6342338840e+01 -4.1242058090e+00
-5.8172380623e+01 2.2818265869e+01 -1.3844216186e+01 8.7617984747e+00 -6.3232308385e+01 -1.5948918748e+01
-1.1570375249e+02 -1.0373353647e+01 1.4499748015e+01 6.7095618962e+01 -9.7886013015e+01 -5.8737555413e+00
1.3962370542e+04 4.4714400075e+04 -2.5321836682e+03 1.0292049170e+02 3.1774393747e+02 -1.7959384626e+01
-3.3057843877e+01 1.3523246039e+02 4.1711433707e+01 -1.0393785956e+02 -9.7071373632e+01 3.9267186237e+01
-1.4850940700e+02 -3.7522807062e+01 3.2330701822e+01 1.0769424436e+02 -1.1353653159e+02 1.9625086803e+01
-1.9722551282e+03 1.6089659183e+04 5.2206779782e+02 -3.0348983349e+01 3.3138186299e+02 1.1620778735e+01
-1.1264351245e+02 4.5281588591e+01 -7.4204871232e-01 1.5988462060e+01 -1.2299092238e+02 1.6744408988e+00
-4.5417242817e+01 -1.6441714120e+02 -4.2231402199e+01 1.6918119820e+02 4.1762426133e+01 -3.9482374575e+01
7.4330711831e+01 6.8556935464e+01 3.7659041141e+01 -9.8242256109e+01 3.1933590776e+01 -4.7338949280e+00
1.0612926124e+02 1.1913785718e+02 1.7000729197e+01 -1.5919875013e+02 3.4965717134e+01 2.2985555943e+01
1.4381746426e+01 -4.6877150987e+01 -4.6788323496e+01 3.4571452860e+01 3.6252566376e+01 3.4158793642e+00
-1.0424190597e+02 1.1390753180e+02 3.8907539410e+01 -4.9345470477e+01 -1.4982574315e+02 -5.4698709567e+00
5.7854480930e+01 3.4643636162e+00 -2.7385398339e+01 -3.2018793368e+01 4.9810010030e+01 -2.6277585537e+01
6.0084989156e+01 6.6324763446e+00 9.1696871421e+00 -3.5952079010e+01 5.0208734406e+01 4.2832786731e+00
-9.5431303581e+00 -2.9116129003e+01 2.4012374240e+00 3.0711500389e+01 6.0591497552e+00 7.6182600195e+00
-1.5460015040e+02 -1.2672538400e+02 -2.1806819186e+01 1.9019807164e+02 -7.4344998171e+01 -2.6207418261e+01
6.4718189379e+01 6.7046554441e+00 -2.3713132348e+01 -3.8331817199e+01 5.4298679800e+01 -1.1130027935e+01
-2.8594045582e+01 2.1988192147e+02 -2.2168646333e+01 -1.8157622499e+02 -1.3542479564e+02 4.8142258558e+00
-1.6292920108e+02 -7.8855121223e+01 -9.5233674989e+00 1.5172330297e+02 -1.0570860183e+02 4.0983475129e+01
8.3683200871e+01 -1.0757037371e+02 7.4242879641e+00 5.3979171136e+01 1.2834063353e+02 2.0297628882e+01
5.1499757116e+04 4.2780101354e+03 -1.4495656547e+03 3.3239955494e+02 2.4420615229e+01 -9.1208083261e+00
-4.7825168297e+01 8.6279565724e+01 6.2859804404e+00 -5.2940789599e+01 -8.5744430543e+01 -3.1135273298e+01
7.8899162877e+01 1.9779297821e+02 6.5464436336e+00 -2.1565027304e+02 -2.8616325153e+01 1.8078124167e+01
-3.7336784788e+01 -2.1121749698e+00 2.7627754200e+01 2.0550784834e+01 -3.2204324760e+01 -2.3956299436e+01
-3.2403133796e+01 3.8415549025e+00 5.0932394882e+00 1.2785755838e+01 -3.0786128761e+01 1.2293345996e+01
-1.0140438451e+02 -2.0381224058e+02 1.4509039674e+00 2.3227383183e+02 1.1582682349e+01 3.4305819206e+01
-1.0921654040e+02 7.1613685488e+01 -5.2249944402e+00 -9.1840782912e+00 -1.3310331265e+02 6.2293399463e+00
1.7251825100e+02 -6.3433475998e+01 2.1677267343e+01 -2.9756930930e+01 1.8540748966e+02 1.3549850258e+00
-6.7297093171e+01 -4.4133029301e+01 7.3233126813e+00 7.2972310669e+01 -3.7877381448e+01 -2.9219894456e+01
-2.6067911566e+01 -7.2140320920e+01 -1.3369958845e+01 7.7301326014e+01 1.2855359499e+01 5.4227061087e+00
1.8896928055e+02 -6.6393525910e+01 -1.0471152387e+00 -3.5345257258e+01 2.0153924055e+02 -1.4329955784e+01
-3.6445940450e+01 -1.9273669161e+02 -4.6814207843e+01 1.8992460955e+02 6.3911649098e+01 8.1807141465e+00
-1.4144201583e+01 -6.1620281998e+01 9.4674440248e+00 6.1968577778e+01 1.8212930493e+01 2.9312212353e+00
7.7255726752e+01 -9.9528078191e+01 3.9933494900e+01 5.0029376408e+01 1.1859078695e+02 2.5774981187e+01
1.5524947983e+02 -1.5180399663e+02 -1.5179400585e+01 5.7603736205e+01 2.1420548576e+02 1.1213335139e+01
4.3939880428e+01 -4.2516457401e+00 1.0199905767e+00 -1.8179301942e+01 4.1266283666e+01 2.7825036828e+01
3.7510841157e+04 5.6513151058e+03 -2.4139917678e+03 3.3068310692e+02 4.5399186632e+01 -2.1491762854e+01
-1.2516538345e+04 4.4590146094e+03 -2.3953219854e+02 -3.0655243732e+02 1.2170567283e+02 -3.6793268179e+00
-3.8497386051e+00 4.6880706861e+01 1.5747873512e+01 -3.9838952735e+01 -2.6873941993e+01 -4.1067628153e+01
2.4750251715e+02 -2.9151292172e+01 -1.6519419031e+01 -9.7799462563e+01 2.3505934433e+02 -6.3816732461e+00
7.5491785491e+01 1.2334921085e+01 5.0487238767e+00 -4.8739595893e+01 6.1083735886e+01 1.3219629036e+01
6.6356528539e+01 -3.1672434836e+01 -1.5395633522e+01 -4.9698384901e+00 7.4951996862e+01 -2.8390456383e+01
8.5353521512e+01 -6.2657480375e+01 4.6475214201e-01 1.3137614099e+01 1.0737066196e+02 2.2831469715e+01
-3.5730817623e+03 -5.8075117659e+04 4.8012228625e+03 -2.3168344548e+01 -3.3065525263e+02 2.7031073714e+01
-7.6137797723e+01 -9.5159120234e+01 7.9321639406e+01 1.2283665621e+02 -2.0236048642e+01 4.6166967410e+01
-9.5484596350e+01 1.2444611377e+02 3.0143510499e+01 -6.3109989685e+01 -1.4729035754e+02 -2.6402984203e+00
1.7035014453e+01 -1.4159783404e+02 1.6512672522e+01 1.1762503286e+02 8.5984774400e+01 2.6460131807e+01
6.5617437070e+01 -4.8510124363e+01 1.4641069572e+01 1.0399370877e+01 8.2710194673e+01 -1.2913065350e+01
4.6683748546e+03 -4.3636621034e+04 4.0450780106e+02 3.1786013668e+01 -3.3212935162e+02 2.7606747063e+00
-9.8972532688e+01 -2.0100199610e+02 6.1332051441e+00 2.2855222807e+02 1.2348873499e+01 -1.0420540895e+01
-1.0255895462e+02 3.6801714003e+01 1.0945552687e+00 1.8505413311e+01 -1.0976241653e+02 -1.4457440010e+01
-1.0172607335e+03 -5.3420926666e+03 -2.8941842410e+02 -9.2237886916e+01 -3.2080619328e+02 -1.8924592629e+01
6.6736925735e+03 -6.9572118466e+04 -5.6024715222e+02 2.9313484601e+01 -3.2967492710e+02 -2.2764685631e+00
-7.9356476192e+01 3.6963037829e+01 7.5001511003e+00 6.7571380340e+00 -8.9174415188e+01 1.2934381460e+01
1.8609736837e+02 -4.2886634176e+01 -6.4182217988e+00 -5.4856287488e+01 1.8722515796e+02 -3.2690454397e+01
-4.1724284364e+01 -4.7250029459e+01 -2.5918511425e+01 6.2954408353e+01 -1.3538610353e+01 -2.9542779536e+01
-2.2826219440e+01 6.2213470299e+01 9.2603206236e-02 -4.4009877210e+01 -5.1448177019e+01 -5.2244191974e+00
-4.5938561569e+01 1.3694887955e+02 -1.0025706008e+01 -9.9026275952e+01 -1.0940421068e+02 -1.2244367709e+01
8.3300760871e+01 -2.2901846320e+02 1.0590988327e+01 1.6236174292e+02 1.8872704733e+02 -7.0392312311e+00
9.2298391526e+01 5.6490540389e+01 2.0745904480e+01 -9.6478057740e+01 5.3976260757e+01 3.9956195135e+01
-4.2657084782e+04 -3.9857778325e+04 2.5906791737e+03 -2.4477265429e+02 -2.2486349423e+02 1.5056314700e+01
5.6389058168e+00 7.4134335956e+01 7.7088970098e+00 -6.8864063436e+01 -3.2049714804e+01 -1.6411467746e+01
9.1666747917e+01 1.4449660842e+02 -2.5162194181e+00 -1.7456037648e+02 9.4049122883e+00 -2.8721017893e+01
1.0585974836e+02 4.6769475454e+01 1.7343357330e+01 -9.4596534268e+01 7.0915374368e+01 -1.9875404618e+00
7.3519976874e+01 -1.2043484007e+02 -1.9512314207e+01 7.0525494755e+01 1.2572103641e+02 -1.6672468964e+01
-4.9056168318e+01 2.5049060774e+01 -3.2061640668e+01 2.2134583999e+00 -5.6226703326e+01 4.1692812812e-01
1.4133400872e+01 1.3629193190e+01 9.9474592368e+00 -1.9207609424e+01 5.7761335077e+00 -6.8399863666e+00
1.5606557677e+02 3.8608334006e+01 6.3742225287e+00 -1.1243674929e+02 1.1971825742e+02 -4.1260678819e+00
8.7846600791e+01 -1.2799741731e+02 4.4764550779e+01 7.0096297037e+01 1.4226256361e+02 2.6526330285e+01
-1.5308004096e+02 -1.3177606868e+02 -2.9226325376e+01 1.9393667597e+02 -7.0475330387e+01 -1.2095668838e+01
-2.2098379046e+04 -7.4376635967e+02 3.3908193797e+02 -3.3329091726e+02 -3.6977087905e+00 5.5510907932e+00
-4.2621321364e+01 1.2364431691e+02 -5.6854545390e+00 -8.8836406346e+01 -9.9798181384e+01 -1.5245397809e+01
1.9140560625e+04 -3.0426003087e+04 -3.2545010413e+03 1.7369063245e+02 -2.8471338659e+02 -2.9815367396e+01
-9.6267451853e+01 -6.2159278491e+01 -4.9138343668e+00 1.0351265907e+02 -5.4676255573e+01 -3.1754026539e+00
1.3251868744e+02 -1.1499027035e+02 -2.3046002155e+01 3.6171652628e+01 1.7555434563e+02 -5.9545919846e+00