7.9171022329e+04 6.6164250361e+04 -3.6985197235e+01 2.8390212187e+02 2.3499561840e+02 -4.1068352529e-01
2.9417048192e+04 5.7715225379e+04 1.5635832691e+03 1.7127809062e+02 3.2983676554e+02 9.0552666183e+00
3.0585178543e+04 -3.3135217393e+04 -1.1794203322e+03 2.4893780730e+02 -2.7568763697e+02 -9.6653471346e+00
-1.8809966051e+04 -6.3802788163e+03 4.8510348644e+02 -3.5328090278e+02 -1.1002759278e+02 8.6926803544e+00
-6.1140054065e+01 3.7134470565e+02 -5.3328272031e+01 2.1955049867e+02 -2.2311209019e+02 -2.9123846863e+01
-4.8789902111e+04 -1.8690328083e+04 4.3919436760e+03 -3.4457752190e+02 -1.2837564613e+02 3.1545146573e+01
6.6641978588e+04 1.2164731609e+04 -3.8854090545e+03 3.6483568684e+02 6.3830304302e+01 -2.1177221216e+01
-3.2054567880e+02 1.2382274459e+02 1.8369632475e+01 2.7723696071e+02 6.9476533447e+01 3.9264921202e+00
-5.3842804738e+04 -6.3425797843e+04 2.2343657469e+03 -2.3846089788e+02 -2.7768040517e+02 1.0273558310e+01
1.6759354680e+02 -3.0307406477e+02 -3.9851000875e+01 -2.5918776927e+02 1.2567876382e+02 -4.1669059325e+01
1.6044428855e+04 2.5176398956e+04 4.8996084029e+02 2.0485288906e+02 3.1005474894e+02 6.2102959901e+00
-6.3256668687e+01 -2.4448805430e+02 3.5512111271e+01 -7.4189716986e+01 1.9650861041e+02 3.9815646779e+01
4.7505867452e+03 -3.1780749663e+03 -2.8114467394e+02 2.8701137518e+02 -2.3045902090e+02 -2.1746438055e+01
-5.3344766344e+03 1.6418773675e+04 2.0189850995e+03 -1.0169892962e+02 3.4556680435e+02 4.4774395817e+01
-6.7833751500e+03 -4.1256947493e+03 1.5841748946e+01 -3.2484172497e+02 -1.7119885423e+02 4.2991496957e+00
-1.3987294954e+04 -1.5311663248e+04 -1.8086107284e+03 -2.5335191103e+02 -2.6443300203e+02 -3.3320095759e+01
-1.3822140616e+04 -1.5767765436e+04 9.6735875651e+02 -2.4857167998e+02 -2.7092016599e+02 1.8629141500e+01
1.9766235911e+02 9.5688538575e+04 -2.4045999453e+03 2.5135067678e+00 3.5687280804e+02 -8.4529545002e+00
-1.5590670079e+02 -7.9057926012e+01 3.4204040411e+01 6.8081774319e+01 1.2846760546e+02 5.3829216242e+01
-1.2839948365e+04 4.5462968327e+04 1.9838446503e+03 -9.7157597414e+01 3.5829207235e+02 1.5529945083e+01
-3.4954547261e+03 1.0622056213e+03 -8.7842637491e+01 -3.3690527535e+02 1.5493093133e+02 -1.0305685969e+01
-4.3653342495e+04 -4.1977788554e+03 2.7008250589e+03 -3.6901614331e+02 -3.1293310302e+01 2.3115662377e+01
-6.6119543758e+03 3.8877207813e+04 3.0032110237e+02 -5.7439236100e+01 3.6556891606e+02 3.0545040648e+00
-5.7203350929e+04 -2.1564656367e+03 8.5766723278e+02 -3.6576553284e+02 -1.0637361672e+01 4.9893970243e+00
-3.1883918434e+02 -1.9613728240e+02 -1.9315213650e+01 1.2271522407e+02 2.8614649891e+02 -2.1872790465e+00
-8.6606601101e+01 1.6145625596e+02 -1.2740156918e+01 1.3625839468e+02 -6.8235882458e+01 -1.3984295831e+01
-2.6933621406e+02 1.9981236835e+02 1.5968182145e+01 2.7885051791e+02 -6.7233690217e+00 -6.9929050869e+00
7.3301100495e+04 -7.9886855662e+04 -2.9862092166e+02 2.5014194287e+02 -2.7512708750e+02 -8.7409827070e-01
9.6437979342e+02 1.1902379041e+03 -1.2644518308e+02 3.1067074441e+02 1.9694927652e+02 -1.5302732137e+01
1.2176702972e+04 1.2859255841e+04 6.9749746659e+02 2.6141724421e+02 2.6107876602e+02 1.5541722603e+01
-6.2176103497e+04 5.4769502534e+04 -2.2174524271e+03 -2.7579082549e+02 2.4581781960e+02 -1.0160643134e+01
-1.6495420545e+02 3.1850065890e+02 -9.7691311421e-01 2.6478825204e+02 -1.3743191147e+02 1.6746084366e+00
8.1014858886e+03 -2.6288920311e+04 -2.0856679584e+03 1.0245016311e+02 -3.5441144392e+02 -2.9021021566e+01
2.9602235498e+02 1.4890097910e+01 4.0249714844e+01 -1.9408024308e+02 -1.5201004302e+02 -8.0779243847e+00
-1.2632934915e+04 -7.2148110210e+03 -7.3489250932e+01 -3.2781913359e+02 -1.7285044979e+02 -8.3904307400e-01
-6.6550204758e+01 -1.3441915429e+02 -4.9720390051e+01 -1.9191788599e+01 1.2326901241e+02 7.6730547762e+00
1.4455406086e+04 -8.3192999042e+03 -2.4246782644e+02 3.1500230398e+02 -1.9383995088e+02 -6.4821734423e+00
1.4618287628e+02 -1.1045837913e+02 -2.5814239447e+01 -1.5231191390e+02 5.0152017754e+00 -2.2610450115e+01
1.4075459304e+02 -9.9358914318e+01 9.1685448532e+00 -1.4329991921e+02 7.2247795695e-02 3.2430759616e+00
-8.1002026955e+01 -5.1356322966e+01 1.6456800715e+00 3.0444418169e+01 7.3735067795e+01 7.0758192087e+00
-2.5208335188e+04 3.3092906405e+04 2.9936487371e+03 -2.2064966954e+02 2.9695765419e+02 2.6392024375e+01
1.4590661492e+02 -1.0513058593e+02 -2.3703979774e+01 -1.4956773089e+02 1.5259690998e+00 -8.4378109341e+00
-4.1282905133e+04 -3.4460452574e+04 -1.0464739714e+03 -2.8702739508e+02 -2.3517653531e+02 -7.0175982149e+00
3.2803118738e+04 -8.3087853885e+03 3.0072255644e+01 3.5508597505e+02 -9.5421262507e+01 1.0810093249e+00
1.3599703979e+01 -6.1774117360e+02 4.5168867612e+00 -2.9169771307e+02 -2.2956830374e+02 1.7577151164e+01
-1.0782790262e+05 1.9106953962e+04 4.7824464276e+03 -3.6574573167e+02 6.6509947243e+01 1.6102234117e+01
4.5429124061e+01 2.6707207047e+02 1.0246155913e+01 9.7132611234e+01 -2.0331161707e+02 -3.0432090861e+01
2.0875182266e+03 4.8148972244e+04 -2.2130510772e+03 1.9864053570e+01 3.6995219964e+02 -1.6905333532e+01
-8.3826167249e+01 6.5912073508e+01 3.1909625233e+01 8.8572150669e+01 -4.6237682257e+00 -2.5558138091e+01
-7.8522662344e+01 6.3882265589e+01 3.9400344878e+00 8.3995693381e+01 -5.7847237326e+00 1.1303465508e+01
-3.4783197339e+04 4.9956649270e+04 -4.0823003083e+03 -2.0812525127e+02 3.0418815190e+02 -2.4444898300e+01
-1.0155238422e+02 3.6569807261e+02 -6.2322675490e+00 2.4431335330e+02 -1.9990303850e+02 6.4616715436e+00
-2.4383356146e+04 2.5325216982e+04 -5.5713498135e+02 -2.5312881561e+02 2.7042762120e+02 -5.5925099792e+00
-2.4528681491e+02 1.1386462052e+01 1.1117019235e+01 1.7218866750e+02 1.0983251842e+02 -2.8693861791e+01
-1.9457671274e+02 -1.2362167779e+02 -1.4724745461e+01 7.3006553645e+01 1.7729529003e+02 6.4543787144e+00
-3.2089320352e+03 -4.2618937553e+04 -6.8670788960e+02 -3.2089348217e+01 -3.6890759628e+02 -5.7644778386e+00
-3.9307543932e+04 -1.9159030988e+04 -3.2849193650e+03 -3.3379512916e+02 -1.5805964974e+02 -2.7386144462e+01
-1.5535078749e+02 -1.1226210697e+02 9.6396163136e+00 5.1789272897e+01 1.5077140065e+02 1.9192239102e+00
-1.0845483984e+01 -3.6605768207e+02 3.9100612331e+01 -1.6808584143e+02 2.5402096285e+02 2.0948931835e+01
4.8615158913e+04 1.3251946133e+04 5.2807814013e+01 3.5833854386e+02 9.3910265416e+01 6.0662977327e-01
7.1703863042e+01 -8.8850173906e+01 -2.1595240271e+00 -9.1325111505e+01 2.6026350383e+01 2.6572524716e+01
7.9021739202e+03 -9.9085503207e+04 2.2805351417e+03 2.7642043092e+01 -3.6949811618e+02 8.3117319649e+00
-7.6525311369e+04 -1.6527005747e+04 2.5881632918e+03 -3.5532140917e+02 -7.4538937229e+01 1.1458324895e+01
8.1919685456e+01 1.1807555264e+02 2.1375365059e+01 9.1180855971e-01 -1.1952650403e+02 -4.0841217831e+01
6.4882306909e+04 2.3635138738e+04 3.1949195720e+03 3.4976572887e+02 1.2458498900e+02 1.7192538081e+01
1.9745464854e+02 -1.1761103265e+02 3.7854227756e+00 -1.9059084455e+02 -1.4698716035e+01 1.2195431001e+01
9.8676348878e+01 -1.9823938499e+02 -1.2929248087e+01 -1.6209455204e+02 8.7453193946e+01 -2.5762804711e+01
7.0673691607e+01 -3.1140946539e+02 -2.1643217980e+00 -1.9730356780e+02 1.7780258190e+02 2.1838731394e+01
7.8004564927e+04 8.2594243270e+04 -1.8188491184e+03 2.5323263697e+02 2.6587430045e+02 -6.1875755790e+00
-3.2436517006e+02 -7.8983243510e+01 7.8252123273e+01 1.8262199843e+02 2.0916137398e+02 3.6789900236e+01
4.1969560038e+03 -1.3928566856e+04 7.7843888671e+02 9.4958380521e+01 -3.5879665303e+02 2.0414227801e+01
8.0038323679e+03 -4.0996621144e+03 -4.4976506039e+02 3.1909835772e+02 -1.8643749180e+02 -1.9884249109e+01
6.2308268596e+01 -2.2532752194e+02 1.6935509610e+01 -1.5035691322e+02 1.2329703585e+02 -1.3752897681e+01
-1.9502783075e+04 1.0003624846e+05 -5.6209237793e+03 -6.9387036188e+01 3.6519741357e+02 -2.0672385184e+01
1.4481186034e+04 5.6165216742e+04 1.9602233674e+03 9.5612948658e+01 3.5809607192e+02 1.2513736988e+01
-1.7110039978e+02 2.6235036885e+02 2.8345953319e+00 2.4205275025e+02 -9.6316098353e+01 -1.3959397231e+01
7.5139135867e+04 6.7430902781e+03 -4.7508334127e+03 3.6931409514e+02 3.0705020684e+01 -2.3239761483e+01
2.9617864803e+04 -1.1542008135e+05 1.2821806858e+04 8.9171016787e+01 -3.5354609992e+02 3.9479339743e+01
-1.1339685385e+02 2.2325247590e+02 6.4028277122e+00 1.8408887021e+02 -9.7398775801e+01 1.1691550594e+01
-3.6982335703e+04 -5.4080713657e+03 -1.4170711987e+03 -3.6701182979e+02 -4.8799113665e+01 -1.4578391444e+01
-1.7445752969e+02 -3.4959515720e+01 -2.3888285239e+01 1.0182738906e+02 1.0738415896e+02 -2.5877839681e+01
7.0169107491e+01 1.9575335944e+02 7.0498096493e-01 4.6131548637e+01 -1.6669558330e+02 -5.0159613378e+00
-9.6425452892e+02 4.6794809404e+03 7.7448356584e+01 -3.7124144249e+01 3.6958068258e+02 4.5838704211e+00
-1.6007721183e+04 -6.3647413017e+04 -1.0297623152e+03 -9.3095965188e+01 -3.5868044797e+02 -5.7160938718e+00
3.1620920189e+02 -5.3728973914e+01 1.7224827203e+01 -2.4069288983e+02 -1.1504235327e+02 3.6344740807e+01
1.1532274455e+05 4.9924988696e+03 -8.2441262965e+03 3.6968846861e+02 1.4411058933e+01 -2.6264881210e+01
1.5987180876e+02 1.6371748978e+02 1.0034461048e+01 -3.0198611364e+01 -1.8791528065e+02 -1.6454099644e+01
1.8221163001e+04 1.7720432972e+04 1.5627389160e+03 2.7079887747e+02 2.5331833596e+02 2.3258015318e+01
3.1663062070e+02 -9.5409518723e+01 1.8514067321e+01 -2.6095610426e+02 -8.6912594916e+01 -3.5355930235e+00
5.5038290817e+03 -4.1111593644e+03 -3.4572046950e+02 2.7997355917e+02 -2.4261101440e+02 -1.8049631086e+01
-5.4539637053e+01 1.5110946247e+02 -3.3847185961e+01 1.0950122516e+02 -7.6573540430e+01 3.4141193057e+00
5.4754928015e+01 -2.9301887139e-02 1.1281582148e+01 -3.7232907087e+01 -2.6224535117e+01 -7.4909539278e+00
-1.2279606071e+04 -1.2834932297e+04 2.8443431714e+02 -2.6371096806e+02 -2.6063636819e+02 5.9069009196e+00
-4.8109129885e+03 1.3725676639e+04 4.4785404856e+02 -1.1061319152e+02 3.5267203327e+02 1.3140087374e+01
-4.2738715260e+04 1.0071418414e+04 -3.2515177571e+03 -3.6001246127e+02 8.9140548067e+01 -2.7465799517e+01
-8.2698790217e+04 -3.1314893081e+04 -4.1679659862e+03 -3.4703358862e+02 -1.2919570871e+02 -1.7361641760e+01
1.4585103512e+02 3.6285628371e+02 -4.2211469337e+00 7.4782229680e+01 -3.1655665273e+02 -1.4077127037e+01
-9.2160271626e+04 -2.5519632531e+04 -8.4309273162e+02 -3.5548339546e+02 -9.6535579008e+01 -2.9119088452e+00
-3.3472829920e+02 4.5296256402e+01 -4.8109083870e+00 2.4923881137e+02 1.2965118030e+02 -2.5813980152e+00
2.8421489821e+04 8.4676912917e+03 4.3677784743e+02 3.5623239872e+02 9.9671425106e+01 5.8429967538e+00