4.4487196054e+04 -5.7974373581e+04 4.5912438058e+03 2.1112882648e+02 -2.7897790977e+02 2.1725647253e+01
-2.5216125481e+04 -1.6102659886e+04 2.8570594300e+02 -2.9929575670e+02 -1.8420674261e+02 3.5500493250e+00
5.9353619777e+03 4.0741700904e+03 5.6799914085e+01 3.0289239875e+02 1.7858767659e+02 3.5258978561e+00
3.0721844325e+02 -2.2264798152e+02 1.4599350255e+01 -2.9536370641e+00 -2.7719772343e+02 1.2051553987e+01
-2.6056687276e+02 1.4925119012e+02 -6.2711289262e+01 -2.1096139246e+01 2.1838272015e+02 -3.6676809059e+01
7.7059004333e+03 -1.3298811157e+04 -2.2111940010e+02 1.6497456734e+02 -3.0648717501e+02 -3.1745435516e+00
-2.1497525629e+04 2.2329120949e+04 1.3044540050e+03 -2.3980829222e+02 2.5716578083e+02 1.4581267773e+01
-2.4235932496e+02 -1.3290637006e+02 2.0726455694e+01 -1.8160983816e+02 8.8338458563e+01 6.9249418554e+00
3.7503419738e+03 5.2148936073e+04 -5.7325906323e+03 2.8307532535e+01 3.4773547191e+02 -3.8708000074e+01
2.7692694728e+02 -5.6652810986e+01 -4.9716306873e+01 8.3206702578e+01 -1.8902138977e+02 -4.6019792868e+01
4.1272079907e+02 1.6269011068e+01 -9.9374928756e+00 1.8404124437e+02 -2.3916698411e+02 1.8639291775e+00
1.1518511424e+02 -1.6168093576e+02 4.4687992217e+01 -4.7727225469e+01 -1.3696395128e+02 4.3518317850e+01
3.0779873978e+02 -1.4088494419e+02 2.1530502553e+01 4.6032743908e+01 -2.4300631904e+02 3.6804754354e+01
-1.9264809290e+01 -3.6743703095e+02 1.0330424445e+02 -2.2718414666e+02 -1.4373124830e+02 5.3482057911e+01
-3.3776209197e+02 3.7766734251e+01 5.7449709630e+01 -1.2016318871e+02 2.1730784037e+02 3.2724290382e+01
3.3857913923e+02 -1.7258524384e+02 -6.2814795334e+01 4.0137509408e+01 -2.7474553549e+02 -3.7456210015e+01
2.8252386838e+02 -2.6277764464e+02 5.6670190731e+01 -3.7309027569e+01 -2.7942806223e+02 4.4041169582e+01
5.2377840572e+04 -3.9186444978e+04 -4.2470093125e+03 2.7245278518e+02 -2.0696209971e+02 -2.2868145788e+01
-3.1736703618e+01 -1.3577763650e+02 4.5261123386e+01 -9.4349128274e+01 -3.8436134308e+01 5.6389627673e+01
-7.8956739048e+03 2.1549994692e+03 -2.4296052918e+02 -3.3250838319e+02 1.1288358492e+02 -9.7733550660e+00
-3.0857274418e+02 -1.2509964445e+02 2.0934844781e+00 -2.0492783076e+02 1.3110784860e+02 -1.1709203669e+01
-2.0962288965e+03 -3.5896781492e+03 -8.4801386746e+00 -2.1168063912e+02 -2.8064678449e+02 2.8439096260e+00
-2.0832018947e+02 -3.9856190064e+02 -1.4579997410e+01 -3.2559922300e+02 -4.4174293128e+01 -1.0578781297e+01
-5.7059406426e+03 -1.7538967678e+04 1.6600094366e+02 -1.1668266728e+02 -3.2876430169e+02 4.4219231117e+00
-4.0907329170e+01 -2.9777658522e+02 -2.1515051395e+01 -1.9479801938e+02 -1.0140243915e+02 -5.4662189248e+00
-1.4402581975e+02 2.9043517150e+01 -1.5989077342e+01 -4.3526236641e+01 9.8128805760e+01 -1.5332127567e+01
-2.6231497861e+02 -6.8149249958e+01 1.6525112349e+01 -1.5143684563e+02 1.2758944645e+02 -3.7102713151e+00
-5.5799805609e+04 -5.3735306945e+04 -3.1976315485e+03 -2.5447418700e+02 -2.4196257436e+02 -1.4369809840e+01
-1.3179311294e+02 2.9774618114e+02 4.8087697895e+01 1.2182718083e+02 2.0434373189e+02 3.8502077147e+01
-3.3366662129e+02 -1.5191240954e+02 3.7167120188e+01 -2.3150916223e+02 1.3473994078e+02 2.0377325003e+01
4.8551566177e+04 -1.3738763566e+04 1.1133766562e+03 3.3602098851e+02 -9.8626870570e+01 7.3801278275e+00
-2.8008802981e+02 5.9814986510e+01 -8.3224897431e-01 -8.2658616819e+01 1.9223971074e+02 1.3927667499e+00
-3.3810803397e+01 -4.0342052215e+02 -4.8684466200e+01 -2.5477803952e+02 -1.5025756051e+02 -3.8741861631e+01
1.4322619775e+02 1.8981109665e+02 4.3022373888e+01 1.7365705080e+02 -5.2024769635e+00 -4.2409971413e-01
1.9212630102e+02 3.1729308656e+02 1.9667915038e+01 2.7031268801e+02 1.9496662969e+01 2.1805024570e+01
5.0692164145e+01 -1.0585717694e+02 -5.3475972617e+01 -4.1691008167e+01 -7.4936988842e+01 -1.6318860050e+00
-2.9246503718e+02 2.2183900693e+02 4.4443011767e+01 8.7030788899e+00 2.6806012396e+02 -9.4514217484e-01
1.3738590603e+02 3.2385564241e+01 -3.1576562892e+01 7.7341137417e+01 -6.8219522651e+01 -2.5713420359e+01
1.3490292065e+02 3.8283372909e+01 1.0528840170e+01 7.9809717790e+01 -6.4249944077e+01 4.6562577750e+00
-1.0094188084e+01 -7.3616328067e+01 2.8207621650e+00 -4.8149132576e+01 -2.5079633431e+01 6.9075238766e+00
-2.8548556947e+03 -1.2089227601e+03 -1.7528892569e+02 -3.4094975510e+02 -8.3907925649e+01 -1.6354436769e+01
1.4348877899e+02 3.9628670226e+01 -2.7228471758e+01 8.4239085103e+01 -6.8800739469e+01 -1.2087930187e+01
1.5826091937e+04 -7.4958302020e+03 -6.8197431783e+01 3.1301726509e+02 -1.5923804939e+02 -1.9514335539e+00
-3.4376184487e+02 -2.5434076854e+02 -1.0490124784e+01 -2.9683603310e+02 9.7492057555e+01 3.4942775302e+01
2.4112758989e+02 -2.1332281579e+02 8.6895108822e+00 -2.5313196910e+01 -2.3385882440e+02 1.8505413024e+01
-3.3094290982e+04 7.3370909312e+04 -5.4315116721e+03 -1.4230447160e+02 3.2073497034e+02 -2.3805016734e+01
-1.4449558608e+02 1.7294535506e+02 6.8841130760e+00 4.2063907061e+01 1.5919814164e+02 -2.6639891759e+01
-1.1151292402e+04 -1.8132042771e+03 -5.4422791635e+02 -3.4904022146e+02 -4.1075617106e+01 -1.7112908619e+01
-8.4609319641e+01 -1.9264630976e+01 3.1361898757e+01 -4.7226137673e+01 4.2301655334e+01 -1.8245656914e+01
-7.8293012271e+01 -9.5443395643e+00 5.9452407289e+00 -3.8760806543e+01 4.2642028950e+01 1.1266835812e+01
-1.7529234223e+04 -1.4407492204e+04 1.0561535767e+03 -2.7572481055e+02 -2.1682990855e+02 1.7123459583e+01
-2.8010370851e+02 1.2244640411e+02 -5.9145686644e+00 -4.5328323011e+01 2.1870721856e+02 4.9379588050e+00
4.2653098165e+02 -7.9544240727e+01 2.4804450564e+01 1.3275929485e+02 -2.8787451088e+02 3.3281020779e+00
-1.3576450498e+02 -1.3719278398e+02 8.0892102582e+00 -1.3913465115e+02 2.2982756227e+01 -2.4860364495e+01
-2.7459356454e+01 -1.8052806170e+02 -1.5237446323e+01 -1.1921953304e+02 -5.9888622454e+01 3.4269720381e+00
3.6060050895e+03 -1.8736335276e+03 2.2571520069e+01 2.8935049186e+02 -1.9878401131e+02 1.4855430405e-01
-1.5157409440e+03 -2.6858794544e+03 1.0643063743e+02 -2.1862634059e+02 -2.7374379532e+02 1.8235548290e+01
-8.8396895130e+00 -1.5064403595e+02 1.0856131678e+01 -9.3538657339e+01 -5.8366557605e+01 3.5018623851e+00
2.2018663725e+02 -1.9659052199e+02 4.5922259424e+01 -2.4184335416e+01 -2.1430791836e+02 2.6513115897e+01
-6.7570379592e+03 1.1612667640e+04 -3.6552545009e+02 -1.6570107926e+02 3.1040633116e+02 -9.1111517993e+00
9.7757659184e+01 4.2068902066e+00 1.4389428729e+00 4.3805362095e+01 -5.6502122007e+01 2.4463398775e+01
-6.9203407467e+04 1.2222107345e+03 3.9882751476e+03 -3.5114643464e+02 8.7015940551e+00 2.0084317292e+01
3.0196812729e+04 3.7013587929e+04 4.1726987923e+03 2.2116106361e+02 2.6555379451e+02 3.0941128345e+01
-2.9342097744e+01 1.0889119608e+02 1.7607950626e+01 5.2519337970e+01 6.3489984647e+01 -3.4401472418e+01
-3.3857379851e+04 4.0277470846e+03 1.2373510597e+03 -3.4859076562e+02 4.6614223044e+01 1.2924625074e+01
1.7158743397e+02 6.0438755757e+01 5.9033996266e+00 1.0851271230e+02 -7.6759236549e+01 1.2073458485e+01
1.6965446983e+02 -4.3708320441e+01 -1.7885167808e+01 4.5608915316e+01 -1.1960112944e+02 -2.6378780962e+01
2.2552219786e+02 -1.1278301436e+02 7.5505358089e-01 2.8032416937e+01 -1.8208503987e+02 2.0036349279e+01
8.5098572485e+04 1.0617730266e+04 4.5064292922e+03 3.4456910383e+02 4.1013073958e+01 1.7930458853e+01
-1.2776159385e+02 -2.4711896657e+02 9.1168125159e+01 -2.0129083961e+02 -2.8222404678e+01 4.8259189918e+01
-2.7393104499e+02 2.4508298311e+02 3.4447743312e+01 3.0390501470e+01 2.6683150530e+02 6.6644153280e-01
9.9203523299e+01 -3.2564360177e+02 1.9143768704e+01 -1.5222258923e+02 -1.9669888647e+02 2.4799020696e+01
1.7168487442e+02 -8.1443163437e+01 1.6617813531e+01 2.3971009683e+01 -1.3675303727e+02 -9.8596806578e+00
4.3146825318e+04 6.0157527563e+04 -2.2663388082e+03 2.0579849403e+02 2.8291337087e+02 -1.0931537412e+01
-2.0389916997e+04 2.6716532971e+03 5.7479917990e+02 -3.4700835445e+02 5.4055807944e+01 9.9803967469e+00
-2.5156430877e+02 3.6383543696e+01 1.1102358610e+00 -8.4575279574e+01 1.6533887119e+02 -1.2550283165e+01
-4.1243385601e+04 9.9805797763e+02 1.4846302396e+03 -3.5073145759e+02 1.2692719646e+01 1.2359487042e+01
6.7379009967e+04 -6.7318927427e+04 3.0916007025e+03 2.4491023335e+02 -2.4716815529e+02 1.1623400070e+01
-1.9774937670e+02 4.8903901805e+01 8.7041789739e+00 -5.4379460447e+01 1.3854615703e+02 1.2065907981e+01
4.4752651630e+02 -1.8717951542e+01 -7.6602610897e+00 1.7788701835e+02 -2.7469777082e+02 -2.9256735151e+01
-7.2821546065e+01 -1.2635746476e+02 -2.9930928349e+01 -1.0608945100e+02 -9.9630777509e+00 -2.8427380174e+01
-8.1159519368e+01 1.3889688965e+02 5.4753875174e-02 4.8517336978e+01 1.0705498742e+02 -4.5651683797e+00
-1.6206645255e+02 2.9680515930e+02 -1.1585771350e+01 1.0847777904e+02 2.2199352597e+02 -1.1711282309e+01
2.2490230301e+04 2.1108899389e+04 -8.1615275128e+02 2.5976464606e+02 2.3601273609e+02 -9.1893804986e+00
1.9254042282e+02 1.6812559959e+02 2.4117238390e+01 1.8156112168e+02 -4.3760248450e+01 3.7033944310e+01
6.3376337677e+04 -5.8816497451e+04 6.6609412634e+03 2.5513565446e+02 -2.3949338826e+02 2.7165104136e+01
-1.8012875576e+01 1.7792043087e+02 8.6555891966e+00 9.8455642806e+01 8.5895892209e+01 -1.3607660821e+01
1.5348934411e+02 3.7146738836e+02 -3.1588758652e+00 2.8628601666e+02 6.5416225862e+01 -2.5395716428e+01
2.2349017918e+02 1.4954522395e+02 1.9815252643e+01 1.8355960480e+02 -7.0061004038e+01 -2.6688107858e-02
2.2209052400e+02 -2.5206039814e+02 -2.2478475896e+01 -5.6446315345e+01 -2.3887355199e+02 -1.6525653600e+01
-1.2248880961e+02 4.0446607439e+01 -3.6663179630e+01 -2.7631595688e+01 9.0106840689e+01 -2.8026585501e+00
2.7450217651e+01 3.5697584318e+01 1.1309431808e+01 3.2877140505e+01 -1.2843761448e+00 -5.0060374382e+00
3.4232872230e+02 1.5791429705e+02 7.2494750561e+00 2.3874700086e+02 -1.3737149059e+02 -2.9828634806e+00
2.5660626747e+02 -2.6007250793e+02 5.1454647785e+01 -4.6643432751e+01 -2.6283543039e+02 2.7648281470e+01
-3.0393061023e+03 -4.1279532463e+03 3.1206610885e+02 -2.3481045235e+02 -2.6157856200e+02 2.0530808396e+01
3.5129710892e+04 4.3423643830e+04 -3.2484519893e+03 2.2371422753e+02 2.7156949246e+02 -2.0460522238e+01
-1.4922770253e+02 2.7197024667e+02 -6.6514300487e+00 9.9094412873e+01 2.0384826801e+02 -1.3910059652e+01
-2.4140010618e+04 6.2202641774e+04 -5.2306993980e+03 -1.2389626776e+02 3.2633586063e+02 -2.7738398271e+01
-1.9824134118e+02 -1.8340563829e+02 -5.6507915205e+00 -1.9307837065e+02 4.0704595214e+01 -3.2657601295e+00
3.5481120476e+02 -2.1284722180e+02 -2.6414836916e+01 2.2994399201e+01 -3.0143028837e+02 -7.4905877739e+00