5.1877228517e+04 6.0219807489e+04 2.9281413405e+03 2.3081877458e+02 2.6458881165e+02 1.2644826300e+01
3.1893783941e+04 -1.8104816697e+04 3.9961487917e+02 3.0696483127e+02 -1.7973935617e+02 4.0410784361e+00
-1.4267304246e+04 3.5350057954e+03 -3.9521465388e+02 -3.4228257031e+02 9.7112076046e+01 -9.6513832747e+00
3.0386866443e+02 -3.1002879550e+02 1.4340963561e+01 -1.4701173311e+02 -2.7448171234e+02 1.1133081793e+01
-2.6458958381e+02 2.1912294174e+02 -6.2228698874e+01 9.3216997991e+01 2.2809793323e+02 -3.2950827567e+01
1.2246641932e+04 1.9329900824e+04 -3.0923588203e+03 1.9597489864e+02 2.9492834868e+02 -4.8436449922e+01
-3.5509713028e+03 -3.8468474841e+04 7.9390657917e+02 -3.7116480181e+01 -3.5276474116e+02 7.6019089726e+00
-2.9841308618e+02 -1.0334536946e+02 2.0782992825e+01 -1.3474560548e+02 1.8207588605e+02 5.7690075361e+00
-5.6779303059e+04 -1.2239315371e+04 -2.4425553470e+03 -3.4466851062e+02 -7.1334961279e+01 -1.4305706963e+01
3.0044347104e+02 -1.1608911802e+02 -4.8629398090e+01 -1.5007863889e+01 -2.3053749258e+02 -4.2819680435e+01
4.6940163017e+02 -6.0786946360e+01 -1.0180103954e+01 5.9085504557e+01 -3.3431272900e+02 2.3428139630e+00
9.9129671067e+01 -2.0508541669e+02 4.3621515097e+01 -1.1910263856e+02 -1.1183957975e+02 4.0610577190e+01
3.1970299317e+02 -2.1684561969e+02 2.0358305661e+01 -7.9838263592e+01 -2.6533196211e+02 3.5173653445e+01
-9.2893666144e+01 -4.0944316980e+02 1.0279758509e+02 -3.0016407780e+02 -2.4251202603e+01 4.7445044051e+01
-3.7408619973e+02 1.0666811097e+02 5.7043994255e+01 -7.2364431014e+00 2.7891847717e+02 2.9323644745e+01
3.4904012430e+02 -2.5901285445e+02 -6.2301525415e+01 -1.0240579872e+02 -2.9445539463e+02 -3.3713631822e+01
2.6846773230e+02 -3.5002187873e+02 5.5781083156e+01 -1.8197883354e+02 -2.5883119540e+02 4.0515751071e+01
4.7601827765e+04 5.3276739157e+04 -8.4821692460e+03 2.3305029777e+02 2.5727552723e+02 -4.0726529766e+01
-6.1870624286e+01 -1.4707264179e+02 4.3669113413e+01 -1.1393319551e+02 1.0797958589e+01 5.3265653545e+01
8.1119675464e+03 -1.3481718080e+04 -2.0228373660e+02 1.7365936594e+02 -3.1021216726e+02 -5.1291606385e+00
-3.7174669767e+02 -8.0466341622e+01 2.6150192280e+00 -1.3481852163e+02 2.3717449989e+02 -1.1645630544e+01
1.1730632663e+04 4.5285730173e+03 6.4421671391e+02 3.3599537859e+02 1.1478128745e+02 1.7435418049e+01
-4.8356853009e+02 -6.3179958616e+03 -1.3015022771e+02 -5.4640308444e+01 -3.5140680785e+02 -6.3474671271e+00
2.5586061842e+04 4.6084759063e+03 -3.0184575800e+03 3.5000667952e+02 5.6120495848e+01 -4.1403323096e+01
-1.0383064040e+02 -3.2741592856e+02 -2.1645331030e+01 -2.4636727500e+02 8.3058699876e-01 -4.2913317487e+00
-1.5664516452e+02 6.0567248305e+01 -1.5617410862e+01 7.8521568552e+00 1.2020553025e+02 -1.4295221826e+01
-3.0827623832e+02 -2.5298437083e+01 1.6953939651e+01 -8.3444842737e+01 2.0556772127e+02 -4.4977360230e+00
5.7531889208e+04 -6.0383702830e+04 5.7179976355e+03 2.4293654968e+02 -2.5803834586e+02 2.4318152743e+01
-9.0949171330e+01 3.6045795484e+02 4.7286236171e+01 2.2720044027e+02 1.3957110437e+02 3.5494137285e+01
-4.0669293853e+02 -1.0756684221e+02 3.6937635113e+01 -1.6086041026e+02 2.5527911367e+02 1.8188809533e+01
-7.2296852597e+03 5.6831666832e+04 6.8555637752e+02 -4.1647823872e+01 3.5140613485e+02 3.9040420745e+00
-3.0414398129e+02 1.2182210871e+02 -9.0397507241e-01 1.8136734508e+01 2.3429812337e+02 1.4149007422e+00
-1.1517604922e+02 -4.4911402148e+02 -4.7882953015e+01 -3.3209456802e+02 -1.7507702429e+01 -3.5700052352e+01
1.9786586239e+02 1.8634294078e+02 4.3754892500e+01 1.6998365677e+02 -9.5453773663e+01 -2.6084417491e+00
2.7651866377e+02 3.1996127890e+02 1.9088302281e+01 2.7830976481e+02 -1.2062459785e+02 2.0486741677e+01
3.6108490210e+01 -1.2981283317e+02 -5.4296728616e+01 -8.1101387640e+01 -5.2560186436e+01 1.1145847318e+00
-2.8771388608e+02 3.0677940533e+02 4.5220796236e+01 1.4825277197e+02 2.6272711261e+02 -3.1942446384e+00
1.6227560734e+02 9.9647774224e+00 -3.1032361487e+01 4.1629205679e+01 -1.0892798492e+02 -2.3732004090e+01
1.5896100042e+02 1.6676757881e+01 1.0510235310e+01 4.5513700913e+01 -1.0522108819e+02 4.0525096844e+00
-2.5645575646e+01 -8.1563546724e+01 2.5804902187e+00 -6.1325417054e+01 5.6781263071e-02 6.6635198494e+00
9.2754403844e+03 -4.9844729658e+03 -3.4827238547e+02 3.0468461549e+02 -1.8239511774e+02 -1.3306840397e+01
1.6834454277e+02 1.6411391322e+01 -2.7178426958e+01 4.7345463829e+01 -1.1170093907e+02 -1.0525911442e+01
-5.3188459343e+03 2.4483634008e+04 1.2161469816e+03 -6.8464295130e+01 3.4838016717e+02 1.7395604456e+01
-1.0274225569e+03 4.2581335083e+02 -9.8432034559e+01 -2.3146006726e+02 2.6655134329e+02 -1.7508929854e+01
2.3129915338e+02 -2.8666319826e+02 8.0646373587e+00 -1.4658663666e+02 -2.1980049693e+02 1.7794052542e+01
-7.5705847717e+04 -4.1313533431e+04 6.1524647907e+02 -3.1095090761e+02 -1.6739115389e+02 2.7130062479e+00
-1.2917132885e+02 2.2091419658e+02 8.1059162662e+00 1.2349432718e+02 1.3579918736e+02 -2.6603255726e+01
1.4746678604e+04 -1.1673281323e+04 4.6417884495e+02 2.7239421132e+02 -2.2755162642e+02 8.3102974917e+00
-9.8776294708e+01 -5.1476213979e+00 3.2641495662e+01 -2.4712201136e+01 6.6501739440e+01 -1.9577308495e+01
-9.0619814436e+01 3.1315220599e+00 5.5756719801e+00 -1.7293851167e+01 6.2695234802e+01 1.0800395759e+01
3.1132493740e+04 1.1269683872e+03 8.2462877584e+02 3.5301519911e+02 7.1694506052e+00 8.7496835694e+00
-2.9133848883e+02 1.9237300356e+02 -6.2181185732e+00 6.9170562033e+01 2.4066834150e+02 5.1673411195e+00
1.0806824949e+03 -1.8481724012e+03 -8.4401055342e+01 1.0316691515e+02 -3.3973108369e+02 -1.2239636045e+01
-1.7918330362e+02 -1.3024488886e+02 9.2570637590e+00 -1.2757882881e+02 9.4701777469e+01 -2.4910947543e+01
-6.5067376288e+01 -1.9887929326e+02 -1.5633100229e+01 -1.5007696939e+02 1.8739213676e+00 4.1529916435e+00
-2.8168117933e+03 1.1186276521e+04 3.6322187156e+02 -7.1934219532e+01 3.4809613663e+02 1.1597130911e+01
1.0471829192e+04 4.7186286994e+03 4.2737748953e+02 3.2832503486e+02 1.3136130191e+02 1.1560517142e+01
-3.9469164127e+01 -1.6851878611e+02 1.0890953177e+01 -1.2380563764e+02 -9.1351621922e+00 2.8982263291e+00
2.1026829231e+02 -2.6350131741e+02 4.5583192736e+01 -1.3524503468e+02 -2.0043871578e+02 2.3789659886e+01
-7.0441022571e+03 -1.9741614941e+04 -4.4267487552e+02 -1.2729473259e+02 -3.3189901467e+02 -7.9285319460e+00
1.0940496946e+02 -1.4984778551e+01 4.4591736394e-01 1.3214454132e+01 -7.8095933950e+01 2.4034620135e+01
7.4388009133e+02 -7.5272151377e+04 -6.3616360431e+03 1.1711875814e+00 -3.5535508036e+02 -3.0091026006e+01
-5.0738781947e+04 1.9828588075e+04 6.3074885894e+03 -3.2427461814e+02 1.3008834180e+02 4.1083584078e+01
-1.2265035081e+01 1.2886613963e+02 1.9330594887e+01 8.5568935952e+01 3.6037146205e+01 -3.4798050720e+01
1.8997551073e+04 -3.7094518062e+04 -1.3660655746e+03 1.5784607784e+02 -3.1752585404e+02 -1.1495734073e+01
2.0548540727e+02 3.5116074323e+01 5.4996045614e+00 6.8112916198e+01 -1.3310791814e+02 1.1597426554e+01
1.8351891291e+02 -8.1504813500e+01 -1.7085802069e+01 -1.6418989388e+01 -1.4308962247e+02 -2.5084799439e+01
2.3276490872e+02 -1.7138314923e+02 -6.5304810775e-02 -6.7369316666e+01 -1.9607460660e+02 1.9706727261e+01
1.2487204204e+04 9.0437496483e+04 9.3241367838e+03 5.0075657650e+01 3.4889922044e+02 3.6279997558e+01
-1.8918555136e+02 -2.5287998901e+02 9.0676916832e+01 -2.1366456546e+02 7.5241601899e+01 4.2915993812e+01
-2.6182741919e+02 3.2812357549e+02 3.4992446588e+01 1.6841538521e+02 2.4958954556e+02 -1.0971672646e+00
4.9134167237e+01 -3.8729534759e+02 1.8430986878e+01 -2.5453696165e+02 -1.1670691177e+02 2.3463914745e+01
1.7776551505e+02 -1.2393286420e+02 1.7303810272e+01 -4.6692334857e+01 -1.4825423209e+02 -1.0562499047e+01
-5.3034577393e+04 5.9041928649e+04 6.5800052590e+03 -2.3556358265e+02 2.6557047246e+02 2.9485150104e+01
1.6407279179e+04 -2.2909904778e+04 -6.8326056750e+02 2.0154389009e+02 -2.9218909424e+02 -8.4738870227e+00
-2.7633177219e+02 8.7876125056e+01 1.6503957014e+00 8.7106712640e-01 2.0798238139e+02 -1.2424424473e+01
1.9620785943e+04 -4.3886127371e+04 1.5247084794e+03 1.4154585454e+02 -3.2549213042e+02 1.1003249460e+01
7.9308583536e+04 6.3856356153e+04 8.9651438658e+03 2.7617986989e+02 2.2018053240e+02 3.0864045329e+01
-2.1316946513e+02 9.2238713651e+01 8.3472374284e+00 1.7405169289e+01 1.6568746756e+02 1.1447382724e+01
6.0857809822e+03 1.4328907419e+03 -4.6491120235e+02 3.5057908077e+02 5.3525217265e+01 -2.5332600010e+01
-1.0534964616e+02 -1.2837198333e+02 -2.9246563491e+01 -1.1046141043e+02 4.4568929533e+01 -2.6490311594e+01
-6.5181716267e+01 1.7330173741e+02 2.4543634735e-01 1.0463050998e+02 8.1786214377e+01 -4.5016129251e+00
-1.2516407360e+02 3.6533231471e+02 -1.1291453976e+01 2.2319700563e+02 1.6403455553e+02 -1.0951192958e+01
-3.6343200564e+04 9.8084522732e+03 -1.0031041470e+03 -3.4178446640e+02 9.7086330058e+01 -9.3905200607e+00
2.4989648695e+02 1.5202567982e+02 2.2978497097e+01 1.5765682969e+02 -1.3842572794e+02 3.5267807777e+01
5.6887706006e+04 7.2633118627e+04 1.5600157779e+03 2.1865819573e+02 2.7615062267e+02 5.7179157942e+00
1.4028319149e+01 2.0494313795e+02 9.3650826048e+00 1.4327811836e+02 3.4360291704e+01 -1.3850611161e+01
2.4481115502e+02 3.8866374193e+02 -2.1556737704e+00 3.1852926477e+02 -8.4184156120e+01 -2.4865817657e+01
2.8001780831e+02 1.2482627165e+02 2.0145625725e+01 1.4550311241e+02 -1.6487740327e+02 -1.0352035671e+00
2.0203693961e+02 -3.2780511159e+02 -2.2165027149e+01 -1.8102108494e+02 -2.0859737717e+02 -1.5140992042e+01
-1.2977070165e+02 6.9841832343e+01 -3.7155894213e+01 1.9963926823e+01 1.0380127759e+02 -8.9520516862e-01
3.7857004425e+01 3.4490417545e+01 1.1705456426e+01 3.1727574790e+01 -1.8511705175e+01 -5.5091125026e+00
4.1552010970e+02 1.1298674743e+02 7.4939339631e+00 1.6646459826e+02 -2.6016061712e+02 -3.3086256166e+00
2.3903612349e+02 -3.4254413277e+02 5.1160322528e+01 -1.8317305108e+02 -2.3708357909e+02 2.4626644408e+01
1.2476535022e+04 1.8748992399e+03 -2.1121064548e+01 3.5301019829e+02 3.9154765703e+01 5.4426846547e-01
-5.9689535745e+04 1.9302334586e+04 -3.6062824602e+03 -3.3730433597e+02 1.1203453486e+02 -2.0399931786e+01
-1.1544433535e+02 3.3603535610e+02 -6.1837178185e+00 2.0522886254e+02 1.5109677237e+02 -1.3369250993e+01
-6.4059985562e+04 -3.3962478524e+04 -3.6090991734e+03 -3.1198460047e+02 -1.6273164615e+02 -1.7170099081e+01
-2.5899475495e+02 -1.6830375143e+02 -5.6089322580e+00 -1.7074977828e+02 1.4116148406e+02 -2.9305876742e+00
3.5879545504e+02 -3.0862072443e+02 -2.6542382318e+01 -1.3426472436e+02 -3.1177373968e+02 -6.0368064906e+00