-6.0577237070e+04 -6.7910671515e+04 2.3834406241e+03 -2.4059404262e+02 -2.6682188045e+02 9.1307243360e+00
-4.4869374161e+04 -2.4978915756e+04 -1.5374395672e+03 -3.1873956982e+02 -1.7342524139e+02 -1.0855957497e+01
1.1183453046e+04 2.7948862889e+04 5.6374703237e+02 1.4048367716e+02 3.3505706932e+02 6.9793383093e+00
8.2018024606e+01 -2.3468728663e+03 -6.5092611670e+01 -6.4304792362e+01 -3.5697048452e+02 -1.2422904679e+01
-1.9038110155e+02 3.4599104828e+02 -5.8171470126e+01 2.8002990852e+02 6.6475712691e+01 -2.7641916767e+01
3.3732555077e+04 -1.7845786288e+04 1.9240434277e+03 3.1478342191e+02 -1.7167130510e+02 1.8928077528e+01
-4.3410461788e+04 3.1165130211e+04 -3.2223398145e+03 -2.9261833539e+02 2.1423563903e+02 -2.1859306958e+01
-3.6167020822e+02 1.2983188227e+01 1.9853134430e+01 7.9415960203e+01 2.5151707766e+02 3.8358335193e+00
4.3694569891e+04 5.6665096578e+04 5.8834906550e+02 2.1989568826e+02 2.8122307002e+02 3.4121527894e+00
2.7216154454e+02 -2.4623800896e+02 -4.4072703358e+01 -2.2585877077e+02 -1.4330957447e+02 -3.9192977155e+01
-8.9385916459e+03 9.4597985653e+03 1.4371547279e+02 -2.3928480478e+02 2.7332949508e+02 4.3031837074e+00
2.1073549890e+01 -2.6256931130e+02 3.9355384847e+01 -1.8852680501e+02 3.6233391937e+01 3.7424646963e+01
2.5245181080e+02 -3.6230572388e+02 1.7050130235e+01 -3.0355548876e+02 -1.0690525910e+02 3.4182809198e+01
-1.1582566359e+03 -5.9564587884e+02 -6.3405824888e+01 -3.4995194497e+02 -3.4329463083e+01 1.8889144737e+01
-3.5801828940e+02 2.6833113334e+02 5.3396407871e+01 2.5806606555e+02 1.9932079876e+02 2.4430089231e+01
1.2868156650e+03 -3.0827688624e+03 -3.6686952246e+02 8.7881085543e+01 -3.4914199151e+02 -3.4034659192e+01
2.8032647781e+03 -3.5307605843e+03 -5.9481897397e+01 1.9225311400e+02 -3.0350286009e+02 2.2963933831e+00
-4.4627065338e+04 -7.0278643300e+04 -1.2110402576e+04 -1.9124947505e+02 -2.9732344230e+02 -5.1907989055e+01
-1.2746508140e+02 -1.3193513571e+02 3.8374296308e+01 -6.7897312471e+01 1.1517648712e+02 5.0461895862e+01
-2.5901624518e+04 -1.8965178548e+04 -9.1423425045e+02 -2.9562958877e+02 -2.0950607773e+02 -1.0571759890e+01
-4.2999677691e+02 7.1197419592e+01 3.5026239946e+00 1.3358582770e+02 2.8819396742e+02 -1.2267204589e+01
1.3208711853e+04 -2.5639734149e+04 8.8562367310e+02 1.6000181789e+02 -3.2415236528e+02 1.0598364638e+01
-2.2517809917e+04 -2.5459666896e+03 -2.2697233785e+02 -3.6197178495e+02 -3.3004790313e+01 -3.2912085662e+00
1.2381915193e+04 -3.9638642801e+04 2.4278739821e+03 1.0342252027e+02 -3.4530629288e+02 2.1687016992e+01
-2.4806533364e+02 -3.0594486492e+02 -2.0816319798e+01 -1.6668244851e+02 2.3370806904e+02 -2.2254366413e+00
-1.4205110563e+02 1.3019116418e+02 -1.4109878016e+01 1.1905720010e+02 7.4473024573e+01 -1.3147124268e+01
-3.3837492356e+02 1.0322338073e+02 1.6942779401e+01 1.3827263541e+02 2.1761358774e+02 -6.3562052929e+00
-7.6844816257e+04 5.7419586791e+04 -1.9215977050e+03 -2.8888225823e+02 2.1818703980e+02 -7.1052299161e+00
5.3037913246e+01 4.2211761565e+02 4.3354216683e+01 2.8619021149e+02 -1.1929922120e+02 3.1779750866e+01
-4.8345301489e+02 5.4068999659e+01 3.4640606653e+01 1.3194730547e+02 3.2907182742e+02 1.4995653728e+01
3.7114315216e+04 -5.9865249220e+04 -5.3965273576e+03 1.8869151048e+02 -3.0918637499e+02 -2.7604493207e+01
-2.7418138485e+02 2.5806027185e+02 -9.9880034453e-01 2.3455505608e+02 1.4242855095e+02 1.5499284995e+00
1.0802829533e+04 9.4230180023e+02 -3.2698088946e+02 3.5996782728e+02 1.5294933778e+01 -1.3510306030e+01
2.8901705278e+02 1.1698290111e+02 4.2995315076e+01 2.5994593560e+01 -2.2574561271e+02 -7.1295885257e+00
4.2599419772e+02 2.2648904525e+02 1.7000943126e+01 7.6290182967e+01 -3.4324391850e+02 1.9175670744e+01
-1.7500466971e+01 -1.5507774160e+02 -5.3181809028e+01 -1.0552530303e+02 4.2434662055e+01 6.6601061547e+00
-1.8146101557e+02 4.4963325309e+02 4.4476243624e+01 3.5109653382e+02 4.0065087666e+01 -7.8821036405e+00
1.8039233258e+02 -5.8075797956e+01 -2.8416310419e+01 -7.5856209991e+01 -1.1542020035e+02 -2.1307784255e+01
1.7555285897e+02 -4.9133179817e+01 9.9478244400e+00 -6.8632424934e+01 -1.1375978556e+02 3.1095886932e+00
-6.2048438734e+01 -7.7712098124e+01 1.9821036547e+00 -4.2525032639e+01 5.8688404234e+01 6.6053616186e+00
-1.2453655756e+04 -2.3649414937e+04 -1.7254461026e+03 -1.7446153064e+02 -3.1687426476e+02 -2.3859036832e+01
1.8412019645e+02 -5.3175199318e+01 -2.5720310376e+01 -7.3136187604e+01 -1.1899217220e+02 -8.0890339185e+00
3.9078851619e+04 -6.5724610178e+03 -1.1591668603e+03 3.5690135232e+02 -6.4615457781e+01 -1.0390776191e+01
7.1445671644e+03 1.5641183278e+04 -6.5792171395e+02 1.5926509483e+02 3.2397752394e+02 -1.2609891769e+01
1.2955915310e+02 -4.0302254763e+02 6.4406660824e+00 -3.0826904280e+02 -1.2669061656e+01 1.7519603299e+01
9.2639030090e+04 3.2680321539e+04 2.2000952079e+03 3.4254583634e+02 1.1891427077e+02 8.3020205690e+00
-4.6751260791e+01 2.8564080269e+02 1.0086223096e+01 2.0972422544e+02 -2.2678640753e+01 -2.8239606169e+01
-2.9178807743e+04 -1.6036981658e+04 1.1552543142e+03 -3.2081573982e+02 -1.7019087897e+02 1.2887751969e+01
-1.0691748117e+02 3.6022012230e+01 3.3506566651e+01 4.6082900652e+01 6.8098195123e+01 -2.3489304109e+01
-9.7811412921e+01 3.8826558824e+01 4.5748634580e+00 4.6284657488e+01 6.1157683127e+01 1.0564718542e+01
-1.8185464964e+04 -4.2143618327e+04 3.9426509261e+03 -1.4698679252e+02 -3.3075761009e+02 3.1386970241e+01
-2.2939458832e+02 3.2748750276e+02 -6.4996753688e+00 2.7461559142e+02 9.7476144211e+01 5.9565387383e+00
-1.4770217101e+04 -1.0926274263e+04 -5.5710645234e+02 -2.9776113241e+02 -2.0817093063e+02 -1.0666543486e+01
-2.4676324511e+02 -6.8896278374e+01 1.1074393772e+01 -4.2982875897e-01 1.8672146219e+02 -2.6612393842e+01
-1.5153698083e+02 -1.8774372069e+02 -1.5623269307e+01 -1.0241913393e+02 1.4293301429e+02 5.8668453609e+00
2.6583665032e+04 4.2355772133e+03 -2.5407471892e+02 3.5980801491e+02 5.0612860815e+01 -3.7449853094e+00
1.6692712177e+04 -2.2209485954e+04 2.2420034165e+02 2.1163817357e+02 -2.9212991943e+02 2.1050343886e+00
-1.1389511996e+02 -1.6441331704e+02 1.0413821360e+01 -9.3347120895e+01 1.1195740359e+02 1.8813611787e+00
1.1544616778e+02 -3.6834839279e+02 4.2639420715e+01 -2.8117012224e+02 -9.4961643445e+00 1.9890208514e+01
-2.9246117830e+04 2.1493573098e+04 -2.8577865261e+02 -2.8866296392e+02 2.1830853533e+02 -2.5805583209e+00
1.0645966259e+02 -6.2383112015e+01 -1.5156655358e+00 -6.4508572510e+01 -6.2653188267e+01 2.4724358037e+01
-1.6736307455e+04 8.5645600032e+04 3.2656741104e+03 -6.7292385352e+01 3.5498270657e+02 1.3337582041e+01
6.4838344568e+04 1.6531725732e+04 3.4827951795e+03 3.4412314540e+02 8.5137752859e+01 1.7876237248e+01
4.0578084166e+01 1.4419681197e+02 2.1727147536e+01 9.3397833085e+01 -5.6529985593e+01 -3.7824376354e+01
-5.4659610580e+04 1.0240911028e+04 -1.5643681583e+03 -3.5594506908e+02 6.9980205366e+01 -1.0081376774e+01
2.3550242802e+02 -4.8306220213e+01 4.4357635018e+00 -7.9704945714e+01 -1.5602947062e+02 1.1393844573e+01
1.6434606824e+02 -1.6323598920e+02 -1.4669523813e+01 -1.4660264836e+02 -8.3710317535e+01 -2.4117606921e+01
1.7761590390e+02 -2.8244091692e+02 -1.6641003274e+00 -2.3291116126e+02 -6.9860821846e+01 2.0316006205e+01
-3.9355703139e+04 -9.5872237518e+04 1.3262446648e+04 -1.3941268551e+02 -3.3506780722e+02 4.6648903455e+01
-3.0141982619e+02 -1.9125794078e+02 8.5178915400e+01 -7.5758086392e+01 2.4889459752e+02 3.5024166142e+01
-1.4472193522e+02 4.5834196795e+02 3.4304681873e+01 3.5007313715e+02 1.2568090114e+01 -4.6826582082e+00
-1.0962907887e+02 -4.3743963063e+02 1.6116465229e+01 -2.8595223522e+02 1.6202913044e+02 2.2310609913e+01
1.3914885020e+02 -2.0448224848e+02 1.7777359577e+01 -1.7067648517e+02 -5.7995653552e+01 -1.2641948354e+01
4.8101267486e+04 -7.7035070271e+04 7.7219839369e+03 1.9050603628e+02 -3.0884323078e+02 3.0867540826e+01
-4.1178540881e+04 -1.2065556099e+04 -5.2017691660e+02 -3.4976257464e+02 -9.8131318826e+01 -4.5705480567e+00
-2.5980749272e+02 2.0537053912e+02 2.6226562198e+00 1.9475274991e+02 1.4257531980e+02 -1.2971899819e+01
-5.8461353207e+04 2.0589629137e+04 1.0035033611e+03 -3.4081970307e+02 1.2307354536e+02 5.6240483466e+00
-1.1103742604e+05 9.6092614023e+03 9.2672091124e+03 -3.5906372213e+02 3.2656632191e+01 3.0261007261e+01
-1.8971091150e+02 1.8504622904e+02 7.2323608388e+00 1.6685185019e+02 9.7288772970e+01 1.0950160827e+01
8.3808721797e+03 -2.0831220226e+04 -1.3654219448e+03 1.2748324681e+02 -3.3831504611e+02 -2.1442516496e+01
-1.6374310569e+02 -9.4239855147e+01 -2.6446175610e+01 -3.4369636675e+01 1.3333228589e+02 -2.4331712349e+01
2.3280454088e+00 2.1545952859e+02 6.0553194504e-01 1.5088772792e+02 -4.3514714421e+01 -4.6641896809e+00
1.8750023888e+01 4.4175416062e+02 -1.0151505716e+01 3.0664735572e+02 -9.9031851245e+01 -1.0139941868e+01
4.2628982992e+04 2.8896915684e+04 -1.2140274637e+03 3.0286944693e+02 2.0110717361e+02 -8.4873102852e+00
3.3149913158e+02 5.7235092688e+01 1.9604505884e+01 -2.4230178511e+01 -2.4397163186e+02 3.4013878060e+01
-7.7593659409e+04 -6.9814724015e+04 -6.4909321400e+02 -2.7000370719e+02 -2.4065841062e+02 -2.4846246525e+00
1.0128756466e+02 2.1547955810e+02 1.0281882049e+01 1.3166700997e+02 -1.1302807823e+02 -1.5224786591e+01
-5.0411313692e+03 7.1504558847e+03 3.4219262588e+02 -1.9197529133e+02 3.0767518206e+02 1.5789213770e+01
3.4945866724e+02 1.5862399687e+01 1.9782439687e+01 -5.6780156141e+01 -2.4854560493e+02 -3.1117602152e+00
7.9412309362e+01 -4.3717701003e+02 -2.0443453341e+01 -3.2251146456e+02 2.9193801239e+01 -1.3354137475e+01
-1.0806277922e+02 1.2988998513e+02 -3.6258312759e+01 1.1223870298e+02 5.0657631747e+01 2.8489597869e+00
5.4597303674e+01 2.0048810157e+01 1.1892943156e+01 3.4708207504e+00 -4.2245970963e+01 -6.8657587824e+00
5.3658688401e+02 -4.4928393918e+01 7.9634596217e+00 1.2004780335e+02 -3.4327461039e+02 -2.2433405065e+00
1.1278329495e+02 -4.6593326144e+02 4.8024768482e+01 -3.4919659742e+02 1.1341904237e+01 2.0186677422e+01
6.3763489348e+03 -2.8184302839e+04 7.4839953776e+02 7.3803491737e+01 -3.5426481878e+02 9.9037831734e+00
7.4852087015e+04 1.1641382448e+04 4.0888477714e+03 3.5831707941e+02 5.3324159429e+01 1.9662193956e+01
1.7950119001e+01 4.0899439397e+02 -4.9608114867e+00 2.8379129174e+02 -9.2103629012e+01 -1.3150411550e+01
7.6802033236e+04 3.3225821308e+04 -2.9627526331e+03 3.3056535985e+02 1.4076923777e+02 -1.2385471998e+01
-3.4752232473e+02 -7.1424474765e+01 -5.2464373423e+00 1.7377670000e+01 2.5798471850e+02 -2.4508682640e+00
-1.6315229149e+03 1.2853476571e+04 -5.6252385444e+01 -3.1842785094e+01 3.6087066304e+02 -7.5046164236e-01