-6.6787181647e+03 -4.8628588510e+04 3.8692223179e+03 -4.9061554748e+01 -3.3222192181e+02 2.6195152432e+01
7.9297104418e+01 7.6596207708e+02 1.9090045797e+01 2.4347997522e+02 2.3343899932e+02 7.6828774866e+00
2.0809622057e+02 -1.3227795268e+01 5.2140721371e+00 8.1729529694e+01 2.0603897365e+02 9.9471539260e+00
1.3537321403e+02 -9.0977807144e+01 1.3092537083e+01 1.3644602431e+02 1.0698069735e+02 1.3077542464e+01
-1.1502393931e+02 5.8859147862e+01 -5.5951884714e+01 -9.7293011419e+01 -9.6956014306e+01 -3.9061966765e+01
-5.9810166048e+01 2.1141190568e+02 -4.6693053940e+01 -2.3338423445e+02 8.9766518108e+00 -4.1494501360e+01
7.7723834929e+02 -1.8780364386e+02 -3.3760930345e+01 2.0870214166e+02 -2.6492502410e+02 -3.2142740710e+00
-1.0267699246e+02 -6.1051306494e+01 1.8393623525e+01 2.7996409392e+01 -1.2386021256e+02 7.0169132632e+00
2.5942143943e+04 -3.5217752422e+03 -1.7404341137e+03 3.3006522140e+02 -5.1165468651e+01 -2.3129007493e+01
1.2150302274e+02 -2.1111079154e+01 -4.4679716119e+01 6.1252246786e+01 1.1590237028e+02 -5.0180897493e+01
1.7604583989e+02 1.3154709941e+01 -8.7204295662e+00 4.4525543455e+01 1.8230821842e+02 2.5144543070e+00
5.1544896035e+01 -6.6880644023e+01 4.0201736965e+01 8.4550095504e+01 3.0145671087e+01 4.7547043202e+01
1.3528959728e+02 -5.7196716387e+01 1.9670162233e+01 1.0226255689e+02 1.1798937178e+02 4.0867874204e+01
-1.3742050984e+00 -1.5981497082e+02 9.2037618926e+01 1.6112044495e+02 -5.3887925157e+01 5.6481827769e+01
-1.4537809653e+02 1.2077323552e+01 5.1240788787e+01 -5.9960255713e+01 -1.4301253007e+02 3.4792052033e+01
1.4793129651e+02 -6.9801046767e+01 -5.6057901882e+01 1.1915894018e+02 1.2663301536e+02 -3.9941624727e+01
1.2529448733e+02 -1.0936781354e+02 5.0769124234e+01 1.5172609463e+02 9.0750186421e+01 4.7656710078e+01
-2.2020029540e+04 -3.2916068995e+04 1.1536459198e+03 -1.8682791989e+02 -2.7213153639e+02 8.7165550097e+00
-1.1501909939e+01 -5.8806323205e+01 4.0951438645e+01 5.5676046341e+01 -3.0944917770e+01 6.2119856661e+01
-7.9773352313e+01 1.9181414756e+02 1.9357852044e+01 -2.2013209183e+02 -1.7643307281e+01 5.8931371767e+00
-1.3074081881e+02 -6.0571720912e+01 1.6219329212e+00 1.8289105693e+01 -1.5207776519e+02 -1.3362541960e+01
-7.1656676856e+01 -1.9045970969e+02 1.0771254820e+01 1.6901829589e+02 -1.3500561291e+02 2.7572479238e+01
-8.2651804862e+01 -1.7475705637e+02 -1.3047483933e+01 1.4953269222e+02 -1.4096683929e+02 -1.1408214470e+01
2.2131200724e+02 2.1920979362e+01 -3.8135387327e+01 5.0531324572e+01 2.3095207858e+02 -3.2970751328e+01
-1.2058077652e+01 -1.2928691825e+02 -1.9060716330e+01 1.2674890353e+02 -5.4660639229e+01 -5.3309330256e+00
-6.2614685046e+01 9.9533516340e+00 -1.4379390403e+01 -3.0631038693e+01 -6.0034400900e+01 -1.6741630235e+01
-1.1229724357e+02 -3.5201755774e+01 1.4489639261e+01 -1.3019119713e+00 -1.2509628417e+02 -4.8738648905e+00
-5.3184533866e+04 -2.8815492792e+03 -2.7447099612e+03 -3.3666365517e+02 -1.5090601633e+01 -1.7255757223e+01
-6.2184961648e+01 1.2667162630e+02 4.3101825579e+01 -1.4849144443e+02 -2.1259051783e+01 4.1721569901e+01
-1.3942212610e+02 -6.9852497869e+01 3.3135165653e+01 2.4827762017e+01 -1.6390595545e+02 2.1608720926e+01
-1.7825379358e+04 -1.3737840193e+04 6.8771044738e+02 -2.7115707158e+02 -1.9971530715e+02 1.0989180557e+01
-1.2154517328e+02 2.0443926816e+01 -7.0680946336e-01 -6.0595715027e+01 -1.1616842999e+02 1.6129471675e+00
-8.8947580729e+00 -1.7315564602e+02 -4.3632193676e+01 1.7214255190e+02 -6.5867743537e+01 -4.1969415312e+01
5.8674025154e+01 8.4170239558e+01 3.7898703674e+01 -6.5823511105e+01 8.6967901237e+01 -2.2160144947e+00
7.8853160302e+01 1.4100180510e+02 1.7743860826e+01 -1.1664901660e+02 1.2603477075e+02 2.3933458953e+01
2.4310988401e+01 -4.3584395551e+01 -4.7148399541e+01 5.2053087944e+01 1.0260872955e+01 3.0614171395e-01
-1.2845772293e+02 9.0254643758e+01 3.9140513111e+01 -1.3344453411e+02 -1.0022824825e+02 -2.8641653246e+00
5.6971169036e+01 1.6081739296e+01 -2.8310811558e+01 2.4539104525e+00 6.2884878390e+01 -2.7885262909e+01
5.7979650687e+01 1.9515203659e+01 9.3654290103e+00 -6.8275240997e-01 6.5027468362e+01 4.8555190250e+00
-3.1126772816e+00 -3.1116484055e+01 2.6166884483e+00 3.0438452029e+01 -1.3367740124e+01 7.7192970874e+00
-1.2481904984e+02 -1.5950133610e+02 -2.2677233779e+01 1.2025640306e+02 -1.7857804238e+02 -2.7447908501e+01
6.2384990644e+01 2.0536556461e+01 -2.4220675247e+01 -2.6719977678e-01 6.9815179614e+01 -1.2609460917e+01
-7.6362253414e+01 2.1136257381e+02 -2.2258484692e+01 -2.3876951313e+02 -7.7739504101e+00 3.3167976145e+00
-1.4420096924e+02 -1.1401622099e+02 -8.5784302920e+00 6.7907193148e+01 -1.8323907224e+02 4.0047799977e+01
1.0661191669e+02 -8.8267015459e+01 8.0081171509e+00 1.2425730924e+02 7.8793433977e+01 2.0634493147e+01
-2.1738631146e+04 5.3858900110e+04 -1.0733915404e+03 -1.2316548067e+02 3.1283011610e+02 -5.9857653345e+00
-6.6045957636e+01 7.4508507025e+01 5.5590547611e+00 -9.7018159120e+01 -4.2295079595e+01 -3.0486988505e+01
3.5294511680e+01 2.1266837107e+02 7.0658024438e+00 -2.0341065877e+02 1.0554475602e+02 1.8373801702e+01
-3.6462436861e+01 -1.0145873996e+01 2.7285888942e+01 -1.7208427616e+00 -4.0195973850e+01 -2.1955203620e+01
-3.3083088512e+01 -3.6641658944e+00 5.4525311388e+00 -7.1581474704e+00 -3.4651223622e+01 1.2536700195e+01
-5.6197794545e+01 -2.2435833340e+02 2.3317783824e+00 2.0837122940e+02 -1.3051506851e+02 3.4143691746e+01
-1.2365187197e+02 4.7306614501e+01 -5.1174083277e+00 -8.8446947968e+01 -1.0947195664e+02 5.8381267484e+00
1.8486298816e+02 -2.5578959708e+01 2.1918335583e+01 8.6588120984e+01 1.7849724345e+02 2.7736700812e+00
-5.6922976389e+01 -5.8985265378e+01 6.6546926997e+00 4.0941975896e+01 -7.6922211842e+01 -2.8517625104e+01
-9.8589125642e+00 -7.7391959273e+01 -1.3360470408e+01 7.5007025790e+01 -3.5386248567e+01 4.5006750381e+00
2.0147040613e+02 -2.4876564736e+01 -1.4192752489e+00 9.1333618161e+01 1.9551452054e+02 -1.4291305511e+01
5.7759674896e+00 -1.9922706100e+02 -4.7054106352e+01 2.0332067248e+02 -5.9603741157e+01 5.0334686740e+00
-7.1065802889e-01 -6.4320533751e+01 9.6318554424e+00 6.4797242558e+01 -2.1847572539e+01 3.5332473392e+00
9.8268159915e+01 -8.1636847042e+01 4.0965926944e+01 1.1481330470e+02 7.2533268484e+01 2.8213547961e+01
1.8624252069e+02 -1.1673171469e+02 -1.5040826034e+01 1.7919747921e+02 1.4994129141e+02 1.0128524791e+01
4.4008656385e+01 5.0307888666e+00 1.7329609849e+00 9.3746197242e+00 4.6141675993e+01 2.7683200332e+01
-2.2188350620e+04 3.8360645660e+04 -3.0352277792e+03 -1.6546099669e+02 2.9361569052e+02 -2.3282978149e+01
1.5557233400e+04 -1.5674191067e+04 7.7215216165e+02 2.2811877466e+02 -2.4022882261e+02 1.3043224496e+01
-1.4119327011e+01 4.5775577581e+01 1.4860197494e+01 -5.0918839147e+01 7.6047413158e-01 -3.9721029812e+01
4.5102437799e+03 1.0997458858e+03 9.1187750555e+01 3.3459848131e+02 4.4603742632e+01 5.3141676478e+00
7.2276208622e+01 2.8734248526e+01 5.4310013047e+00 -5.3099834657e+00 8.2511989570e+01 1.3453089137e+01
7.2898404349e+01 -1.6744873500e+01 -1.6260052184e+01 4.0872649585e+01 6.8202438624e+01 -2.9191947928e+01
9.8405016320e+01 -4.3729173579e+01 1.0462196319e+00 7.6537044185e+01 8.5126249788e+01 2.2690554724e+01
6.2743348130e+04 -5.1057789565e+03 2.5484606416e+03 3.3381526216e+02 -2.9732422163e+01 1.3986110484e+01
-5.3968550745e+01 -1.1051787883e+02 8.1245252675e+01 9.4000786310e+01 -9.0859183513e+01 5.1048600289e+01
-1.2186399122e+02 1.0222204929e+02 3.0364380030e+01 -1.4337428130e+02 -8.9627629413e+01 -6.3353799808e-01
4.7847381483e+01 -1.3699979823e+02 1.7338962618e+01 1.5422874787e+02 3.3739765673e+00 2.7349757362e+01
7.5575783225e+01 -3.3467212951e+01 1.4454400512e+01 5.8657914381e+01 6.5413242745e+01 -1.1850968012e+01
4.5297973707e+04 2.1719049334e+04 3.7328394320e+01 3.0478810189e+02 1.4247863950e+02 -4.2270795493e-02
-5.3896774130e+01 -2.2107913312e+02 5.9283575641e+00 2.0581084868e+02 -1.2710621686e+02 -9.9379710932e+00
-1.0956602666e+02 1.3595529694e+01 7.3960696127e-01 -4.9730636470e+01 -1.0630391192e+02 -1.4276662759e+01
1.0725061159e+04 6.5160254989e+03 6.4793002129e+02 2.9490439600e+02 1.6356408286e+02 1.6939381881e+01
7.0607015435e+04 -2.5282454618e+04 -9.9639895171e+03 3.1611021571e+02 -1.1556227141e+02 -4.4904861961e+01
-8.6595450389e+01 1.9019523278e+01 7.8986083745e+00 -4.7671066151e+01 -8.1299194514e+01 1.3331571671e+01
1.9368135907e+02 -1.6405454481e+00 -7.3056633403e+00 6.5276874543e+01 1.9527279751e+02 -3.2867887147e+01
-3.0705570241e+01 -5.5894864182e+01 -2.6912452257e+01 4.6422730392e+01 -4.9400593116e+01 -3.1029232691e+01
-3.6392324358e+01 5.7023179080e+01 -3.8553113976e-02 -6.9608211008e+01 -1.8064845007e+01 -5.1790603843e+00
-7.5302963094e+01 1.2559801871e+02 -1.0430820485e+01 -1.5171546372e+02 -3.4873984945e+01 -1.2813215487e+01
-3.3519063790e+02 -1.6112119835e+03 1.4879181208e+01 -1.6545134313e+02 -2.9378032396e+02 6.0998450713e+00
7.9330542633e+01 7.6034887680e+01 2.1953677881e+01 -5.0812872968e+01 1.0518201450e+02 4.1023450253e+01
4.8243869602e+04 -4.2189623383e+04 3.4716962235e+03 2.5142990036e+02 -2.2330942130e+02 1.7981459644e+01
-1.0606826642e+01 7.5014240948e+01 7.3676708617e+00 -7.9327377706e+01 1.3916156226e+01 -1.5780021404e+01
5.9423554955e+01 1.6309730314e+02 -3.2661100133e+00 -1.4537238052e+02 1.1365346968e+02 -2.8671073786e+01
9.4528257102e+01 6.9220636649e+01 1.7458598086e+01 -3.8929056505e+01 1.1830525365e+02 -8.2941206815e-01
9.9279145838e+01 -1.0361498752e+02 -2.0119854485e+01 1.3736970486e+02 6.6338705435e+01 -1.7833358920e+01
-5.3958284064e+01 1.4351061957e+01 -3.2357003644e+01 -3.2236037321e+01 -4.9837523381e+01 -1.6995608502e+00
1.1064827039e+01 1.6449894015e+01 9.8694969513e+00 -1.2995005885e+01 1.6590807602e+01 -6.1329017221e+00
1.4599620071e+02 7.2602556268e+01 6.3307584496e+00 -2.5447148310e+01 1.7144861785e+02 -3.6749062415e+00
1.1498033708e+02 -1.0769819033e+02 4.5862065239e+01 1.4665280667e+02 8.0869212845e+01 2.9277692675e+01
-1.2301978621e+02 -1.6371534847e+02 -2.9810874888e+01 1.2510513261e+02 -1.7815281399e+02 -1.3931250660e+01
1.5639292978e+04 -2.3809114861e+04 3.9711574424e+02 1.8025840185e+02 -2.8506190125e+02 5.0654923384e+00
-6.9144326922e+01 1.1350775913e+02 -6.1250054737e+00 -1.3747290088e+02 -3.2620266787e+01 -1.5505607211e+01
2.5185614152e+04 3.3800796945e+04 -3.5751607850e+03 2.0364804576e+02 2.6671591746e+02 -2.8081681420e+01
-8.1935517828e+01 -8.2558975404e+01 -5.0409711175e+00 5.6553275330e+01 -1.0995764720e+02 -3.4754409838e+00
1.5642734844e+02 -8.5180238820e+01 -2.3416378096e+01 1.3750274552e+02 1.3016965366e+02 -7.4289375920e+00