5.4863033673e+04 -9.0072937112e+02 -6.0872267938e+03 3.4040671746e+02 -8.6761929508e+00 -3.7911442474e+01
-7.7479756810e+03 -4.0909219040e+02 -9.9011456587e+00 -3.4089972731e+02 3.7840080152e+00 2.3405363786e-01
2.5066526748e+02 2.3958001880e+01 5.5183141049e+00 2.0054724570e+02 1.3370933948e+02 9.9893188586e+00
1.7924706545e+02 -8.2672381215e+01 1.3649780426e+01 1.8860171893e+02 1.1447864357e+01 1.3462829686e+01
-1.4857462906e+02 4.8610834791e+01 -5.8041025474e+01 -1.4731325320e+02 -2.6282218883e+01 -4.1103596146e+01
-1.1179675839e+02 2.4083478539e+02 -4.8591025298e+01 -2.0333700987e+02 1.5248154170e+02 -4.2989393062e+01
-6.6166719625e+02 8.6660903989e+03 4.1446498853e+02 -6.3897384488e+00 3.4041590524e+02 1.5785557049e+01
-1.1078849741e+02 -9.2594599851e+01 1.8979234664e+01 -5.1502802914e+01 -1.2825534635e+02 7.8248357788e+00
-1.0897465205e+04 3.0672143328e+04 -2.2873872432e+03 -1.0825351215e+02 3.1991071620e+02 -2.4512621120e+01
1.4872246594e+02 -1.6416199666e+00 -4.6677818791e+01 1.2616429086e+02 6.5957959437e+01 -5.1365360950e+01
2.0810633377e+02 4.9644938138e+01 -8.8966023204e+00 1.5302224088e+02 1.3610602356e+02 1.9942645838e+00
7.4596948386e+01 -7.0221478183e+01 4.2041193131e+01 9.4710187097e+01 -2.5439612550e+01 4.8556548333e+01
1.7233754625e+02 -4.1972769274e+01 2.0875974240e+01 1.6434201061e+02 4.2640431301e+01 4.0948468394e+01
2.8651502047e+01 -1.9079440516e+02 9.5339114223e+01 1.1055681662e+02 -1.4793209842e+02 6.0022699738e+01
-1.7607689814e+02 -1.3821945703e+01 5.3136986263e+01 -1.4223068324e+02 -9.1389849298e+01 3.6684810853e+01
1.9019220562e+02 -5.4717033931e+01 -5.8164995798e+01 1.8517146219e+02 3.9980096013e+01 -4.1968205746e+01
1.7073385014e+02 -1.0635940250e+02 5.2876899886e+01 1.9214681728e+02 -1.2383156793e+01 4.9222459444e+01
4.5209961964e+04 -7.8538639449e+03 7.0922730821e+02 3.2733251468e+02 -6.0353005897e+01 4.3239641271e+00
-2.4530551001e+00 -7.2482009826e+01 4.3062936874e+01 3.0753260572e+01 -6.2237531223e+01 6.2826831866e+01
-1.3180168794e+02 2.1405744308e+02 1.9948251474e+01 -2.0808561951e+02 1.2084133642e+02 6.7784362350e+00
-1.4462883266e+02 -9.6903684409e+01 1.4307055328e+00 -7.8094024134e+01 -1.4721443683e+02 -1.2963014087e+01
-4.8885814364e+01 -2.4111828620e+02 1.1521764845e+01 6.7956765786e+01 -2.2547939580e+02 2.7494666880e+01
-6.5387607826e+01 -2.2463140477e+02 -1.3574593889e+01 4.6575405630e+01 -2.1905047635e+02 -1.1830315679e+01
2.6046686262e+02 6.8828545268e+01 -3.9669546985e+01 1.8849272502e+02 1.7599432534e+02 -3.4213241745e+01
1.0144479739e+01 -1.5662588640e+02 -1.9633858738e+01 7.9478573369e+01 -1.2749638015e+02 -6.2137198726e+00
-7.6657478373e+01 -4.1626898501e-02 -1.5032724725e+01 -6.4629754777e+01 -3.4747284176e+01 -1.7108933994e+01
-1.2730141134e+02 -6.3078633689e+01 1.4770274774e+01 -7.8797830081e+01 -1.1084106837e+02 -3.9931908543e+00
2.1886550135e+04 -5.5654941984e+04 -2.8011406353e+03 1.2187073025e+02 -3.1765685889e+02 -1.5806333960e+01
-9.8336279482e+01 1.3921819345e+02 4.4913202811e+01 -1.4597099871e+02 7.2880137104e+01 4.3021220416e+01
-1.5359926808e+02 -1.1047776037e+02 3.4345897202e+01 -7.9506844160e+01 -1.6272723076e+02 2.2853576989e+01
2.8043686016e+04 -1.0061148683e+04 -2.5640344349e+03 3.1878037592e+02 -1.2042461191e+02 -2.9362770243e+01
-1.4911160685e+02 1.3492874573e+00 -6.9661067082e-01 -1.2636401883e+02 -6.6383678026e+01 1.5376974043e+00
2.2842315293e+01 -2.0877971713e+02 -4.5461247293e+01 1.1380663635e+02 -1.6572636898e+02 -4.3291292980e+01
5.3929221211e+01 1.1172605711e+02 3.8815674268e+01 -5.1115522737e+00 1.1864315274e+02 -1.5984144675e-01
6.6844723147e+01 1.8309148812e+02 1.8606944609e+01 -2.6533025737e+01 1.8467444476e+02 2.4309814035e+01
3.7209339090e+01 -4.7758785032e+01 -4.8331740296e+01 5.3008880674e+01 -2.3428938541e+01 -2.1943245470e+00
-1.7102992380e+02 8.3287983367e+01 4.0077532078e+01 -1.8195186129e+02 -7.2089532531e+00 -7.2710470381e-01
6.5428848943e+01 3.0209459975e+01 -2.9508944790e+01 4.1498696012e+01 5.5107984731e+01 -2.8727624283e+01
6.5390463200e+01 3.4153598837e+01 9.6858851329e+00 3.9682415191e+01 5.8412480371e+01 5.2367674713e+00
2.2607516395e+00 -3.7972252909e+01 2.8167481148e+00 1.9102890030e+01 -3.0999729861e+01 7.6764194197e+00
-1.1759634672e+02 -2.1437486315e+02 -2.3725741642e+01 -2.0987406154e+00 -2.3403450339e+02 -2.8002627099e+01
7.0258990149e+01 3.6103030841e+01 -2.5050339223e+01 4.2906158202e+01 6.2259633633e+01 -1.3594211476e+01
-1.3157841919e+02 2.3739253731e+02 -2.2762028124e+01 -2.1845940927e+02 1.4062063092e+02 2.0618559436e+00
-1.5024417210e+02 -1.6408683748e+02 -8.0990391177e+00 -5.2401800670e+01 -2.0641423288e+02 3.8653821973e+01
1.4441353137e+02 -8.4872653465e+01 8.5684473689e+00 1.6022113182e+02 -6.1809118493e+00 2.0573468520e+01
-5.8861482412e+04 -2.4874388982e+04 4.5166509110e+03 -3.1485106622e+02 -1.3016462315e+02 2.4019445747e+01
-9.2767779942e+01 7.5688943007e+01 5.1696209644e+00 -1.1250363521e+02 2.1826075086e+01 -2.9477171134e+01
1.9318803082e+00 2.6004682875e+02 7.5631059546e+00 -1.1612119611e+02 2.2018537496e+02 1.8316027969e+01
-4.1522609135e+01 -1.8952465733e+01 2.7592414407e+01 -2.6436444431e+01 -3.4785145366e+01 -1.9996768335e+01
-3.8878300489e+01 -1.1221752011e+01 5.8077673709e+00 -2.7702503721e+01 -2.7069616595e+01 1.2530671653e+01
-2.4373116588e+01 -2.7898388354e+02 2.9836678724e+00 1.0577787995e+02 -2.4631628249e+02 3.3465292642e+01
-1.5646818715e+02 3.3098432293e+01 -5.1450104581e+00 -1.4694521547e+02 -4.2937459021e+01 5.4304290717e+00
2.2576830363e+02 4.3690724283e+00 2.2519099766e+01 1.8842410333e+02 1.0591845913e+02 3.8676176304e+00
-5.6397338786e+01 -8.1977116662e+01 6.3270904442e+00 -1.0436098321e+01 -9.4670921516e+01 -2.7496110171e+01
3.3570580857e+00 -9.4503668563e+01 -1.3619121040e+01 4.5626282441e+01 -7.8176321566e+01 3.6884757824e+00
2.4503367092e+02 8.3652017882e+00 -1.7033079205e+00 2.0286166120e+02 1.1800930108e+02 -1.4030793552e+01
4.4845010307e+01 -2.3714783470e+02 -4.8152952462e+01 1.4520810257e+02 -1.7969055989e+02 2.4269893199e+00
1.1313339383e+01 -7.7173741099e+01 9.9360595360e+00 4.4488628411e+01 -5.9961846977e+01 3.9596322626e+00
1.3289998046e+02 -7.8521767188e+01 4.2488810963e+01 1.4763507929e+02 -6.0405441515e+00 2.9717422517e+01
2.4382913059e+02 -1.0414326562e+02 -1.5244079911e+01 2.5279130589e+02 2.2576926229e+01 9.0953217345e+00
5.1090304475e+01 1.3896917962e+01 2.2575298248e+00 3.6797024686e+01 3.4850846716e+01 2.7124829695e+01
-3.5054227495e+04 -3.6681366226e+04 -3.8224026936e+03 -2.3739212978e+02 -2.4356476616e+02 -2.5755301920e+01
8.8944649423e+03 2.6919127103e+04 1.1155686606e+03 1.1048193704e+02 3.1613143780e+02 1.4366269607e+01
-2.5736198893e+01 5.2134424560e+01 1.4544852260e+01 -4.5313355886e+01 3.2312309032e+01 -3.8002535246e+01
-9.5017006164e+03 7.0159528870e+03 2.7588810136e+02 -2.6582123077e+02 2.1395149664e+02 8.5458549586e+00
8.0988976311e+01 4.8207417832e+01 5.8016131508e+00 4.6471340952e+01 7.7330246641e+01 1.3424404899e+01
9.0488676984e+01 -5.8065954094e+00 -1.7177071779e+01 7.8940438992e+01 3.6080316357e+01 -2.9366365641e+01
1.2609620172e+02 -3.3688316734e+01 1.4667488159e+00 1.2159896707e+02 2.8690066021e+01 2.2213097418e+01
-1.4615310283e+04 6.7979651960e+04 4.4076389596e+03 -6.8795856273e+01 3.3128681310e+02 2.1823145015e+01
-4.2512072634e+01 -1.4163209147e+02 8.4180282069e+01 2.8278087967e+01 -1.3868834227e+02 5.4146330052e+01
-1.6509634223e+02 9.8408434239e+01 3.1118891601e+01 -1.8379146124e+02 8.2317753046e+00 9.8705158104e-01
8.3492468345e+01 -1.5490255317e+02 1.8251182322e+01 1.4055938082e+02 -9.2827261722e+01 2.7624484818e+01
9.6530309416e+01 -2.5165251686e+01 1.4612949806e+01 9.2800724338e+01 2.2487752686e+01 -1.0808332385e+01
-3.7038217826e+04 4.2862083538e+04 -7.1115126650e+02 -2.1957183594e+02 2.5864948838e+02 -4.5287303326e+00
-2.1624425383e+01 -2.7456356559e+02 5.9051869942e+00 1.0609428246e+02 -2.4133929566e+02 -9.3911232826e+00
-1.3319246551e+02 -5.3020322129e+00 5.1025624272e-01 -1.0992129878e+02 -6.4782768796e+01 -1.3902329695e+01
-1.9072928507e+04 5.2345334345e+03 2.1128425757e+02 -3.2582630170e+02 9.8224448887e+01 4.2762739145e+00
8.6397221718e+03 7.9543621856e+04 9.2231684564e+02 3.8341573476e+01 3.3408912406e+02 4.2318995340e+00
-1.0683089492e+02 5.8160418953e+00 8.3293202275e+00 -9.2725848269e+01 -4.3469373601e+01 1.3436231465e+01
2.3139679055e+02 3.5358805099e+01 -8.0607877462e+00 1.7913265710e+02 1.3460020750e+02 -3.2482470907e+01
-2.5574989196e+01 -7.2495431657e+01 -2.8129944689e+01 1.1258642300e+01 -7.2716299473e+01 -3.1723825110e+01
-5.4672739630e+01 6.1517783552e+01 -1.2948946346e-01 -7.3967310921e+01 2.7121316072e+01 -5.0594927978e+00
-1.1377585389e+02 1.3547734343e+02 -1.0916367699e+01 -1.5729819654e+02 6.2734096804e+01 -1.3063953651e+01
8.2946475098e+03 2.7470553343e+03 -2.5089218240e+02 3.2915280451e+02 8.8581509725e+01 -9.7541140876e+00
8.0437932125e+01 1.0588798374e+02 2.3219762099e+01 1.9888614968e+01 1.2572542583e+02 4.1221147183e+01
3.2110894072e+04 6.2826367160e+04 2.6212616550e+03 1.5636314825e+02 3.0069154693e+02 1.2335288908e+01
-2.7097838116e+01 8.7926432255e+01 7.2793057834e+00 -6.2670580497e+01 6.1880924768e+01 -1.5019886960e+01
3.9931217478e+01 2.0600289178e+02 -3.8464912310e+00 -5.9606459011e+01 1.9181325277e+02 -2.8170582715e+01
9.9471357320e+01 1.0040621148e+02 1.7884339397e+01 3.8424039063e+01 1.2971809926e+02 1.1329964408e-01
1.3859155346e+02 -1.0508458689e+02 -2.0936875887e+01 1.6446708105e+02 -2.5863079284e+01 -1.8478592801e+01
-6.7071258081e+01 7.1312832687e+00 -3.3202279043e+01 -5.9795204286e+01 -2.4356407551e+01 -3.3707412888e+00
1.0137418357e+01 2.1591101899e+01 1.0011783551e+01 -1.2264413412e+00 2.2799483077e+01 -5.4669850565e+00
1.6008460520e+02 1.1490225494e+02 6.4265272156e+00 8.2972955605e+01 1.6938928453e+02 -3.2538380452e+00
1.5787731841e+02 -1.0663941400e+02 4.7526870877e+01 1.8143318175e+02 -1.8442799597e+01 3.1015495825e+01
-1.1573766836e+02 -2.1867340423e+02 -3.0804433968e+01 1.4117779763e+00 -2.3682548230e+02 -1.5180583210e+01
1.4742736938e+04 3.2597959678e+04 -1.9960862575e+03 1.4465864940e+02 3.0832353471e+02 -1.9049611216e+01
-1.0423072152e+02 1.2266774395e+02 -6.5487677314e+00 -1.4345118071e+02 5.6252948879e+01 -1.5465429038e+01
-4.6838938907e+04 1.2700862515e+04 -3.7305987692e+03 -3.2562910024e+02 9.1871723401e+01 -2.5629934952e+01
-8.2179839264e+01 -1.1420559960e+02 -5.2284302472e+00 -1.7590938733e+01 -1.3352793843e+02 -3.6604103883e+00
2.0310577306e+02 -7.1972565486e+01 -2.4135775131e+01 2.0387923426e+02 3.1273838819e+01 -8.4927963970e+00