362.93
-2.9967840161e+01 -1.0006891388e+02 2.0663109320e+01 -9.9397760236e+01 9.9987562272e+01 1.5472909125e+01
362.94
-3.0950060962e+01 -9.9058368268e+01 2.0817339720e+01 -9.7038268175e+01 1.0211249942e+02 1.5373047161e+01
362.95
-3.1908444979e+01 -9.8026846994e+01 2.0970567796e+01 -9.4630614577e+01 1.0418250920e+02 1.5272445007e+01
362.96
-3.2842516966e+01 -9.6974904831e+01 2.1122786169e+01 -9.2176077056e+01 1.0619649731e+02 1.5171107507e+01
362.97
-3.3751814575e+01 -9.5903107343e+01 2.1273987511e+01 -8.9675958084e+01 1.0815339918e+02 1.5069039541e+01
362.98
-3.4635888605e+01 -9.4812030591e+01 2.1424164541e+01 -8.7131584301e+01 1.1005218048e+02 1.4966246022e+01
362.99
-3.5494303239e+01 -9.3702260823e+01 2.1573310030e+01 -8.4544305814e+01 1.1189183771e+02 1.4862731900e+01
363
-3.6326636276e+01 -9.2574394166e+01 2.1721416794e+01 -8.1915495478e+01 1.1367139876e+02 1.4758502159e+01
363.01
-3.7132479353e+01 -9.1429036311e+01 2.1868477704e+01 -7.9246548169e+01 1.1538992334e+02 1.4653561818e+01
363.02
-3.7911438164e+01 -9.0266802189e+01 2.2014485679e+01 -7.6538880046e+01 1.1704650357e+02 1.4547915929e+01
363.03
-3.8663132668e+01 -8.9088315647e+01 2.2159433688e+01 -7.3793927796e+01 1.1864026439e+02 1.4441569579e+01
363.04
-3.9387197289e+01 -8.7894209115e+01 2.2303314752e+01 -7.1013147877e+01 1.2017036407e+02 1.4334527889e+01
363.05
-4.0083281113e+01 -8.6685123272e+01 2.2446121945e+01 -6.8198015740e+01 1.2163599464e+02 1.4226796011e+01
363.06
-4.0751048070e+01 -8.5461706708e+01 2.2587848389e+01 -6.5350025054e+01 1.2303638233e+02 1.4118379135e+01
363.07
-4.1390177118e+01 -8.4224615575e+01 2.2728487262e+01 -6.2470686907e+01 1.2437078794e+02 1.4009282479e+01
363.08
-4.2000362405e+01 -8.2974513246e+01 2.2868031790e+01 -5.9561529006e+01 1.2563850730e+02 1.3899511296e+01
363.09
-4.2581313439e+01 -8.1712069956e+01 2.3006475257e+01 -5.6624094871e+01 1.2683887156e+02 1.3789070872e+01
363.1
-4.3132755239e+01 -8.0437962452e+01 2.3143810995e+01 -5.3659943011e+01 1.2797124764e+02 1.3677966525e+01
363.11
-4.3654428479e+01 -7.9152873631e+01 2.3280032392e+01 -5.0670646103e+01 1.2903503848e+02 1.3566203603e+01
363.12
-4.4146089628e+01 -7.7857492179e+01 2.3415132890e+01 -4.7657790153e+01 1.3002968340e+02 1.3453787488e+01
363.13
-4.4607511077e+01 -7.6552512207e+01 2.3549105982e+01 -4.4622973657e+01 1.3095465839e+02 1.3340723593e+01
363.14
-4.5038481263e+01 -7.5238632878e+01 2.3681945220e+01 -4.1567806753e+01 1.3180947640e+02 1.3227017362e+01
363.15
-4.5438804777e+01 -7.3916558045e+01 2.3813644207e+01 -3.8493910368e+01 1.3259368757e+02 1.3112674269e+01
363.16
-4.5808302472e+01 -7.2586995868e+01 2.3944196601e+01 -3.5402915359e+01 1.3330687949e+02 1.2997699820e+01
363.17
-4.6146811553e+01 -7.1250658446e+01 2.4073596117e+01 -3.2296461646e+01 1.3394867741e+02 1.2882099550e+01
363.18
-4.6454185668e+01 -6.9908261433e+01 2.4201836525e+01 -2.9176197341e+01 1.3451874446e+02 1.2765879026e+01
363.19
-4.6730294981e+01 -6.8560523666e+01 2.4328911649e+01 -2.6043777880e+01 1.3501678178e+02 1.2649043844e+01
363.2
-4.6975026246e+01 -6.7208166776e+01 2.4454815371e+01 -2.2900865140e+01 1.3544252872e+02 1.2531599629e+01
363.21
-4.7188282863e+01 -6.5851914811e+01 2.4579541630e+01 -1.9749126558e+01 1.3579576298e+02 1.2413552035e+01
363.22
-4.7369984930e+01 -6.4492493849e+01 2.4703084420e+01 -1.6590234249e+01 1.3607630071e+02 1.2294906747e+01
363.23
-4.7520069287e+01 -6.3130631614e+01 2.4825437792e+01 -1.3425864117e+01 1.3628399661e+02 1.2175669477e+01
363.24
-4.7638489548e+01 -6.1767057090e+01 2.4946595855e+01 -1.0257694969e+01 1.3641874399e+02 1.2055845966e+01
363.25
-4.7725216126e+01 -6.0402500133e+01 2.5066552776e+01 -7.0874076213e+00 1.3648047488e+02 1.1935441983e+01
363.26
-4.7780236246e+01 -5.9037691089e+01 2.5185302779e+01 -3.9166840109e+00 1.3646916001e+02 1.1814463327e+01
363.27
-4.7803553959e+01 -5.7673360398e+01 2.5302840147e+01 -7.4720630211e-01 1.3638480885e+02 1.1692915821e+01
363.28
-4.7795190131e+01 -5.6310238216e+01 2.5419159219e+01 2.4193440049e+00 1.3622746962e+02 1.1570805319e+01
363.29
-4.7755182437e+01 -5.4949054020e+01 2.5534254396e+01 5.5812869662e+00 1.3599722922e+02 1.1448137699e+01
363.3
-4.7683585342e+01 -5.3590536228e+01 2.5648120136e+01 8.7369450848e+00 1.3569421323e+02 1.1324918868e+01
363.31
-4.7580470067e+01 -5.2235411805e+01 2.5760750956e+01 1.1884644200e+01 1.3531858582e+02 1.1201154758e+01
363.32
-4.7445924556e+01 -5.0884405884e+01 2.5872141433e+01 1.5022714376e+01 1.3487054967e+02 1.1076851330e+01
363.33
-4.7280053427e+01 -4.9538241381e+01 2.5982286204e+01 1.8149490786e+01 1.3435034584e+02 1.0952014566e+01
363.34
-4.7082977917e+01 -4.8197638606e+01 2.6091179967e+01 2.1263314597e+01 1.3375825370e+02 1.0826650480e+01
363.35
-4.6854835819e+01 -4.6863314887e+01 2.6198817476e+01 2.4362533849e+01 1.3309459070e+02 1.0700765106e+01
363.36
-4.6595781405e+01 -4.5535984187e+01 2.6305193551e+01 2.7445504328e+01 1.3235971228e+02 1.0574364505e+01
363.37
-4.6305985349e+01 -4.4216356726e+01 2.6410303069e+01 3.0510590444e+01 1.3155401163e+02 1.0447454765e+01
363.38
-4.5985634634e+01 -4.2905138603e+01 2.6514140970e+01 3.3556166093e+01 1.3067791951e+02 1.0320041994e+01
363.39
-4.5634932451e+01 -4.1603031424e+01 2.6616702253e+01 3.6580615520e+01 1.2973190399e+02 1.0192132329e+01
363.4
-4.5254098096e+01 -4.0310731928e+01 2.6717981981e+01 3.9582334180e+01 1.2871647024e+02 1.0063731927e+01
363.41
-4.4843366848e+01 -3.9028931617e+01 2.6817975276e+01 4.2559729584e+01 1.2763216024e+02 9.9348469717e+00
363.42
-4.4402989850e+01 -3.7758316392e+01 2.6916677325e+01 4.5511222147e+01 1.2647955250e+02 9.8054836675e+00