-2.2338431845e+02 -2.9126786784e+02 1.6742016612e+01 -3.7964186426e+02 -5.1825851577e+01 2.2176810979e-01
-9.3954638361e+04 -4.4014995955e+04 2.6571924714e+03 -3.9070778870e+02 -1.8078585490e+02 1.1119939492e+01
2.5382344126e+04 -6.4170385176e+04 1.7113062548e+02 1.4842697348e+02 -3.8311115041e+02 1.5601289484e+00
-2.2435074331e+02 -2.3493367532e+02 -3.9763585236e+01 -3.3852269249e+02 -5.0503777322e+01 -8.6905907437e+00
5.1160457047e+04 6.0759419390e+04 -6.9146274702e+03 2.7423385833e+02 3.2180907703e+02 -3.7414470229e+01
-1.8741595036e+02 -1.0859894496e+02 -1.6822729057e+00 -2.5047744532e+02 4.6633669934e+01 5.0614136936e+00
-5.4865760066e+03 -3.9417609185e+03 -1.2061178385e+02 -3.4818161620e+02 -2.1372932203e+02 -4.8829050814e+00
-1.8279166914e+02 -2.6101443983e+02 4.7772998591e+00 -3.5872670872e+02 -4.5061805424e+01 7.7582056439e+00
-2.5246208736e+02 -2.7611774191e+02 -3.9798085686e+01 -3.5668432832e+02 -6.1052051878e+01 9.5095265506e+00
-3.6284986333e+03 -4.6645534293e+03 6.4691537204e+00 -2.8214570073e+02 -3.0926097285e+02 2.2421022986e+00
-5.7649585886e+04 -1.0399128526e+05 -1.1820921737e+04 -2.0515059292e+02 -3.6651706623e+02 -4.2027747130e+01
1.4088571467e+05 4.3713324235e+04 -6.1322357475e+03 4.0882230796e+02 1.2538812977e+02 -1.7650584629e+01
-1.4440500943e+04 -5.1608818521e+04 2.0097178795e+01 -1.2093056936e+02 -4.1761842462e+02 3.6247927738e-01
-8.0175464478e+04 -3.4190969995e+04 8.7332504860e+03 -3.8795289107e+02 -1.6284032563e+02 4.2286475619e+01
-2.5340809861e+02 -2.2501647010e+02 -3.0608473672e+01 -3.5022957727e+02 -3.6752914376e+01 -1.2634942044e+01
7.0208345312e+04 -8.6940762901e+03 -2.5479075550e+03 4.1757893411e+02 -5.4660559750e+01 -1.4985569356e+01
-1.9885891936e+02 1.6657520328e+02 -4.4647906201e+00 -8.0436964497e+01 2.5941235047e+02 5.8261391438e+00
-1.6111697771e+02 -3.1761668823e+02 8.5256918782e+01 -3.2849275885e+02 -8.0043979646e+01 1.2215164293e+01
-1.9356813995e+02 -2.8926439671e+02 1.8501940944e-01 -3.7018900304e+02 -7.1156505047e+01 -1.1637277241e+01
-2.4954890401e+04 -1.0686524232e+05 1.0440068523e+04 -9.8729106534e+01 -4.1431547005e+02 4.0604775796e+01
1.2209028774e+04 -6.2458902826e+03 -2.4202764932e+02 3.5865683566e+02 -1.9987763222e+02 -6.0130347475e+00
-2.0858845843e+02 -2.8182091624e+02 3.8723901263e+01 -3.5191593434e+02 -5.6422384746e+01 -4.1540473978e+00
-2.1002280213e+02 -2.3987165495e+02 -1.8676505643e+01 -3.6215802918e+02 -3.8855997188e+01 -9.3806041050e+00
-2.4673046344e+02 -2.1255417763e+02 1.1497071252e+01 -3.4513443171e+02 -1.2651497265e+01 -2.6277304682e+00
-2.8529076860e+02 -2.4536062396e+02 -1.3823598710e+01 -3.8137691541e+02 -3.6040266826e+01 -8.6280710312e+00
-1.0348610965e+05 -7.6923762842e+04 1.1081879220e+04 -3.3675532184e+02 -2.4832915504e+02 3.5752344508e+01
-2.8965717007e+02 -2.7494531487e+02 2.6673405299e+01 -3.7521103397e+02 -4.6893416360e+01 1.3273943936e+01
-2.2011222911e+02 -1.7696538230e+02 -4.3234905406e+00 -3.3195149530e+02 -2.7590493036e+01 -6.7812739212e+00
-2.6302979208e+02 -2.9170875513e+02 1.9186501055e+01 -3.7855607507e+02 -5.9533455345e+01 -3.1874362353e+01
1.2797000628e+05 9.7626837574e+01 3.8451592807e+03 4.3058917577e+02 -1.3064484110e+00 1.3086873918e+01
-2.6568809904e+02 -2.7674411298e+02 5.5231013022e+01 -3.6418935420e+02 -6.3619123379e+01 -7.3196462016e+00
8.9422502772e+03 1.3083111458e+05 1.4188148456e+03 3.0268503043e+01 4.2018260892e+02 4.6725933356e+00
-6.3420238429e+04 7.9967377367e+03 6.6817524163e+03 -4.2696568952e+02 5.7167547416e+01 4.5235622445e+01
-2.3331628247e+02 -3.2084476013e+02 2.0678833479e+01 -3.8395639486e+02 -9.0302292887e+01 3.3520366487e-01
-2.5133031604e+02 -2.2708598566e+02 5.0738779218e+01 -3.6787627787e+02 -3.6405056657e+01 -1.6865160170e+01
-1.8358590111e+02 -2.2770684999e+02 -3.1630848569e+01 -3.4762670313e+02 -3.9863071217e+01 7.7731887615e+00
-3.1365487629e+02 5.3064531541e+04 8.1135000211e+03 1.3141077048e+00 4.2089199515e+02 6.5006489685e+01
-1.8907742732e+03 8.3362518737e+02 7.8471330569e+01 -3.1229997584e+02 2.4068200799e+02 7.0324107407e+00
-2.3501699270e+02 -3.1138522267e+02 4.2611498140e+01 -3.7071967713e+02 -6.8543104577e+01 -1.2295545146e+01
-1.8974645721e+02 -3.1419877664e+02 2.4956781979e+01 -3.5023433317e+02 -8.7535316210e+01 -3.0266475583e+01
-2.6386080092e+02 -2.0142399047e+02 6.0890287978e+01 -3.5541812431e+02 -1.3336225078e+01 -1.2406013224e+01
-1.9524038248e+02 -8.7573653518e+01 -1.6741928456e+00 -2.3854803059e+02 4.8717474658e+01 1.0281920344e+01
5.7804400187e+04 -1.4124355216e+05 -3.9587567357e+03 1.5978643561e+02 -3.9398518762e+02 -1.1172217544e+01
-2.2560304908e+02 -2.9261575338e+02 -4.8708913185e+01 -3.8079378457e+02 -5.7011679262e+01 6.1368131208e+00
-1.9414368192e+02 -2.8263656704e+02 -4.0274254528e+01 -3.7452949327e+02 -6.8638772321e+01 -3.3457956603e+00
-2.4498162393e+02 -2.3020344585e+02 -6.2055598787e+01 -3.6977724506e+02 -3.7655238523e+01 -1.3226934376e+01
-2.3515243085e+02 -2.3888603546e+02 2.7045131229e+01 -3.6757435733e+02 -2.5161171823e+01 4.3235360369e+00
-2.8903973098e+02 -2.4147462758e+02 1.5869773776e+01 -3.7275727655e+02 -4.5556997334e+01 -2.1792899017e+00
-1.6263068256e+02 -3.3289404142e+02 7.7896742391e+00 -3.8141137080e+02 -1.1468289496e+02 -1.0794849192e+01
-1.1346732092e+02 -2.2582198077e+02 -1.7478233407e+01 -2.7952573823e+02 -5.9753106627e+01 -5.8012635627e+00
-1.5186358603e+02 -3.2271606211e+02 2.0289608396e+01 -3.3883086030e+02 -1.2510846418e+02 -8.0720161055e+00
-2.2781760823e+02 -2.4351916693e+02 5.1480223110e+01 -3.6242747599e+02 -2.7706792631e+01 -3.6489775900e+00
-1.9389609021e+02 1.3831249675e+02 -3.4333207063e+01 -7.1663153412e+01 2.4085320804e+02 -7.3239143245e+00
-8.0279574221e+04 5.3288339181e+04 -8.3103089054e+01 -3.5688402721e+02 2.3951880391e+02 -3.6890326920e-01
-1.6902602167e+02 -2.2695967759e+02 4.8288130182e+00 -3.3166321869e+02 -4.2568898590e+01 9.2114788721e+00
-2.7597966285e+02 -2.1349562887e+02 1.5509552993e+00 -3.6752766059e+02 -1.9699260056e+01 -8.8642884231e+00
-1.6552142797e+05 -7.5289087199e+04 -1.0734575220e+04 -3.9394270096e+02 -1.7791959116e+02 -2.5459834961e+01
-1.8113072646e+02 -2.7311951641e+02 2.1059907247e+01 -3.5227130230e+02 -7.2916215778e+01 -2.3049182969e+00
-2.2880929103e+04 -8.2643575431e+03 3.6170210078e+02 -4.1191279335e+02 -1.3958492783e+02 5.9938152346e+00
-2.6547809453e+02 -2.6695811723e+02 -6.0959372296e+01 -3.8431313109e+02 -2.8897927690e+01 5.9913510696e+00
1.1515012053e+05 4.8034426165e+04 -1.0034220701e+04 3.8465669910e+02 1.5867746471e+02 -3.3592092698e+01
-2.8851030617e+02 -2.5446234481e+02 -3.9281200150e+01 -3.6460784974e+02 -3.2406773899e+01 1.9712404243e+01
-2.3035569516e+02 -2.7269415067e+02 -8.1429889744e+01 -3.7940538273e+02 -5.7696269704e+01 9.7785902226e+00
-2.5586800332e+02 -2.1297674236e+02 -3.3090629219e+01 -3.5664961333e+02 -4.3933593663e+01 -6.5728772713e+00
-2.2316542250e+02 -2.5476940680e+02 -3.4373590404e+01 -3.7436442864e+02 -5.8704104493e+01 -3.8775521980e+00
-2.5810349612e+02 -2.8430895090e+02 -7.0107443969e+00 -3.6872488617e+02 -6.6520871424e+01 -5.9936526829e+00
-2.3466570283e+02 -2.9158451484e+02 -3.4959366386e+01 -3.7907222852e+02 -7.0013222884e+01 -1.4835697777e+00
-2.0195345340e+02 -2.1217445241e+02 -2.8983593638e+01 -3.6688967750e+02 -3.6948349888e+01 -2.0609421317e+00
3.7419387309e+04 1.0253744852e+05 -1.0092237642e+04 1.4532987787e+02 3.9279315812e+02 -3.9046223928e+01
-1.5732903065e+02 1.1231867791e+02 4.8948259171e+00 -5.5649454974e+01 2.1622645315e+02 -9.6549039917e+00
4.5576177534e+04 -9.2284320250e+04 -7.3877018194e+02 1.8727801418e+02 -3.8378843093e+02 -2.9548312329e+00
-2.2298972454e+02 -2.0709975715e+02 1.2837427524e+01 -3.3247511842e+02 -2.5366249264e+01 -7.7451797849e+00
-2.6057816710e+02 -2.3467293084e+02 3.5261468937e+01 -3.6198787907e+02 -3.1725150089e+01 -4.8755386828e+00
-2.0526632861e+02 -6.8337393225e+01 1.7536900638e+01 -2.6553609768e+02 5.5320513318e+01 1.2448458117e+01
1.6429730393e+04 1.0532035629e+05 2.1226011998e+03 6.7044592190e+01 4.1725164910e+02 8.6261646994e+00
-2.5419306689e+02 -2.0937048750e+02 -1.0927073131e+01 -3.5386047838e+02 -4.3124416525e+01 -3.7994408150e+00
-9.4623613194e+02 4.7003215529e+02 -7.7177340358e+01 -2.4283793562e+02 3.3911837860e+02 -1.8948308302e+01
-1.6852888960e+02 -3.0810679030e+02 2.0458188385e+01 -3.7763868771e+02 -8.7166570342e+01 -5.4551315863e+00
-1.9878746946e+04 -4.6805606670e+04 2.9988506153e+03 -1.7288081124e+02 -3.9640683619e+02 2.5773330938e+01
-2.8702781867e+02 -2.1117993037e+02 2.9816719887e+01 -3.6090728834e+02 -3.3591421079e+01 -7.7242200774e+00
-4.1816270458e+03 -3.8042327708e+03 1.1204939005e+02 -3.2273128010e+02 -2.4633176373e+02 8.7514608555e+00
5.7965029835e+04 -3.4769917996e+04 -4.3122770308e+03 3.6102005006e+02 -2.1995677637e+02 -2.7616811025e+01
1.7249377975e+02 2.2422333611e+02 3.0873259927e+01 2.8523591239e+02 6.7157968172e+01 4.1730571834e+00
-2.2204523092e+02 -2.2906724947e+02 -6.5839317463e+00 -3.5628922359e+02 -4.9310106428e+01 -7.7477287148e+00
9.6239848581e+04 8.9142995414e+04 5.8581173038e+03 3.1293615802e+02 2.8776803371e+02 1.9184637933e+01
-2.1451667321e+02 -2.7886529624e+02 -3.1472664151e+01 -3.6414419598e+02 -3.8032941334e+01 4.9694506288e+00
1.4730903249e+05 -9.4385441437e+03 -2.0758732458e+03 4.2694655989e+02 -2.8757511662e+01 -6.1587933215e+00
2.2306636476e+02 -2.2672401753e+02 2.0634348154e+01 2.2385742342e+01 -3.1932335905e+02 1.7625011332e+01
-2.4494258503e+02 -2.4177070098e+02 7.0165289284e+01 -3.6321754560e+02 -2.4754616272e+01 -1.3518821970e+01
-2.5637429455e+02 -2.4804266373e+02 -7.9959071483e+01 -3.6755999109e+02 -3.2649667895e+01 6.8267254584e-01
6.4097801901e+03 -8.0000411574e+03 2.3806022306e+02 2.3869687741e+02 -3.2724941821e+02 6.6898961722e+00
-2.3792059323e+02 -2.9272285843e+02 6.0925001868e+01 -3.8010176363e+02 -6.1757387828e+01 -1.4644045048e+01
-1.1627293622e+03 -2.6564579741e+02 -3.1828732646e+01 -4.0859805375e+02 8.0746446019e+01 -2.2092161454e+00
-3.0168242021e+02 -2.1618807181e+02 3.3484993020e+00 -3.7017871400e+02 6.5028975492e+00 2.4143480595e+01
-2.4982522794e+02 -1.9119355974e+02 -2.0519446438e+01 -3.4068569106e+02 -8.6667100573e+00 7.9831482698e+00
4.9502890549e+02 -9.8655202023e+04 -1.2041784714e+03 -3.0949479068e-03 -4.2443954553e+02 -5.2123615216e+00
9.1728054421e+04 -2.3109383056e+04 -5.5309633116e+03 4.1381668046e+02 -1.0653889203e+02 -2.5042230665e+01
-2.3018166212e+02 -3.2384503449e+02 5.1957540966e+00 -3.6942926577e+02 -8.0524288226e+01 1.1537551833e+01
-2.5540669287e+02 -2.5438048438e+02 1.4511002640e+01 -3.7976622507e+02 -1.7079241265e+01 2.2272602833e+00
-3.6418173642e+03 -6.1285126146e+03 2.1516489478e+01 -2.3849863641e+02 -3.4767726858e+02 8.3864043666e-01