-2.7750164902e+02 -1.0667703174e+02 1.6627495772e+00 -1.5892760066e+02 2.2688559712e+02 5.2030961509e+00
-7.0348960590e+04 4.7045723821e+03 3.6293491753e+03 -4.2456682486e+02 3.1331861633e+01 2.2110014751e+01
-6.1928722875e+01 1.2174275532e+02 -2.2258906242e+00 8.9522566589e+01 9.3100688397e+01 -7.0936972411e-01
-3.4757643788e+02 -1.3190468029e+02 5.0884900663e+00 -1.9187459960e+02 2.6106672552e+02 -2.1561864189e+00
-5.0252723165e+04 3.0967630663e+04 -3.7226097542e+03 -3.5618729142e+02 2.2357070142e+02 -2.6379123103e+01
-5.3406962177e+03 -9.2996071628e+04 -3.9630692814e+03 -2.5597338525e+01 -4.0897623416e+02 -1.7796824984e+01
-2.4100509029e+04 1.0341937251e+04 8.1198882153e+02 -3.6892573038e+02 1.6656343404e+02 1.2090766503e+01
-3.3850526575e+02 -1.4163322362e+02 1.7209947057e+01 -1.8711273697e+02 2.3236581832e+02 -1.2973284618e+01
1.5030768942e+04 -6.3491454234e+04 5.4911185989e+03 9.6031474591e+01 -4.1947585493e+02 3.6463872606e+01
-3.4810325574e+02 -1.1489410275e+02 -1.9751642265e+01 -1.8464923425e+02 2.5024937719e+02 -5.5605097750e+00
-5.8800085346e+04 2.7074053920e+04 8.3616301212e+03 -3.8005819520e+02 1.7852437764e+02 5.3975225136e+01
1.1403156127e+05 -8.3541839726e+04 -1.2034932914e+04 3.3790707691e+02 -2.4934791290e+02 -3.5694236856e+01
-3.4498608878e+02 -1.5652931051e+02 3.7234206142e+01 -2.0285851236e+02 2.4378109299e+02 -3.9068401044e+00
-2.9689474168e+02 -1.0369414783e+02 -3.8256867133e+01 -1.7731178806e+02 2.3315811005e+02 5.4648192544e-01
6.0861319346e+01 2.6489542401e+02 5.4876194586e+00 2.3455133113e+02 2.1320610592e+01 -9.3094984575e+00
6.4038018259e+03 -8.3188890422e+03 3.9003749647e+02 2.3529614674e+02 -3.3644431789e+02 1.6834426488e+01
-2.6030083956e+02 -1.1794681981e+02 -1.2304565573e+01 -1.6578573614e+02 2.0728721713e+02 -1.6148202573e+01
-2.9675796211e+02 -7.3920955258e+01 4.5943936829e+01 -1.4672138412e+02 2.3189924825e+02 -1.8695048388e+01
-3.5516159390e+02 -9.1416983083e+01 1.0913852009e+01 -1.7947125820e+02 2.4989695087e+02 7.9457081009e+00
8.9984112772e+04 -1.8268222190e+04 2.6354609501e+03 4.1602389324e+02 -8.6758688794e+01 1.2257892639e+01
-3.6594524950e+02 -8.2941874440e+01 4.4977290270e+01 -1.7432174341e+02 2.5115180858e+02 1.4466002545e+00
-1.5024459541e+04 2.0556499090e+04 -7.8601031859e+02 -2.3641015373e+02 3.3672746166e+02 -1.2554497730e+01
-2.8394174678e+02 -2.0346639989e+02 -9.1101244281e+00 -2.1122099758e+02 2.1749491600e+02 -4.1219092799e+00
-3.2533747942e+02 -7.8318990139e+01 8.6638072035e+00 -1.6233438996e+02 2.4242080577e+02 -4.6690203727e+00
-2.1199928396e+04 4.7196447889e+03 1.6609111407e+02 -4.1789423756e+02 1.0310076018e+02 3.2758498332e+00
3.5805184686e+04 1.1269023056e+05 -1.9148739648e+04 1.2692440529e+02 3.9372842834e+02 -6.6911829042e+01
-5.5157721663e+04 -5.8871787600e+04 8.6017657526e+03 -2.9112123117e+02 -3.0693596021e+02 4.5086721183e+01
-3.0134545977e+02 -1.4852299791e+02 -1.1807639994e+01 -1.7873495325e+02 2.3718284250e+02 5.5886610212e+00
4.8986969898e+04 -7.0850741936e+04 -1.5427663251e+03 2.3704055632e+02 -3.4692315448e+02 -7.3879312189e+00
-4.7693344083e+04 -1.0654645856e+05 -1.9525041639e+04 -1.6997118036e+02 -3.7546311408e+02 -6.9045527776e+01
-3.0046428142e+02 -1.4159253594e+02 2.9270812060e+01 -1.7969433703e+02 2.2685430520e+02 1.2117996666e+01
-1.0128860787e+05 8.8356806695e+04 5.1709431500e+03 -3.1564007215e+02 2.7733220824e+02 1.6116545559e+01
-2.7994540509e+02 -8.2296922710e+01 -3.4103571491e+01 -1.5162950853e+02 2.2142810080e+02 4.2841821671e+00
-3.2386932851e+02 -2.8288667804e+02 -1.8463876438e+01 -2.9005823073e+02 1.8731041642e+02 -4.2197356269e-01
-3.3562502944e+02 -1.2784115925e+02 -4.2557208848e+01 -1.8540784164e+02 2.4430627140e+02 -1.7041635875e+01
-2.7615807508e+02 -1.9515985396e+02 4.1935073520e+01 -2.1445421290e+02 2.1162410338e+02 -8.7003260923e+00
-2.7126546214e+02 -1.2826191689e+02 1.1687764533e+01 -1.7805660162e+02 2.2331484264e+02 1.5659009602e+01
-3.1615313870e+02 -1.0145232099e+02 4.9956707970e+01 -1.6477804906e+02 2.5275498655e+02 -5.0116496953e+00
-3.5813680118e+02 -1.6565415588e+02 3.6305565577e+01 -2.2315338864e+02 2.4160222837e+02 6.8303694414e+00
-3.2476492785e+02 -1.3679612181e+02 -1.7203221948e+01 -1.8913206413e+02 2.5034909032e+02 -1.0277489167e+00
4.9054219665e+04 -4.5884908886e+04 -3.3179585697e+03 3.1006626573e+02 -2.9443098268e+02 -2.1191396175e+01
-7.4672695407e+02 -8.6764709829e+04 5.6503423531e+02 -6.1370153849e+00 -4.3519209781e+02 2.5976236319e+00
-1.1131793580e+05 -9.4383074264e+04 -1.1423276097e+04 -3.2097206641e+02 -2.7030042683e+02 -3.2863992244e+01
-3.2091698332e+02 -1.9514709159e+02 -4.3719802082e+00 -2.2709076462e+02 2.2734535300e+02 4.2776924298e+00
7.0677069676e+03 2.9163427711e+04 -1.0507014756e+03 1.0738395944e+02 4.1355651900e+02 -1.5500696080e+01
8.6644200865e+04 -1.6348899739e+04 -1.0981850090e+03 4.0609317591e+02 -7.8965600130e+01 -5.4002140038e+00
-3.0647239720e+02 -1.1726311253e+02 1.2728755733e+01 -1.7665770246e+02 2.4565201737e+02 6.2793081252e+00
-2.8680559396e+02 -1.4209650889e+02 -2.3458387294e+01 -1.8183794483e+02 2.3958611910e+02 -2.2804597110e+00
-5.2869125871e+01 -1.9020960819e+02 -2.1932203582e+01 -1.5526737823e+02 2.1757868812e+01 7.5473868026e+00
-2.9277052718e+02 -1.6832066613e+02 5.9574975487e+01 -1.9853353910e+02 2.2334775013e+02 -1.3926785776e+01
-3.3842789024e+02 -1.3182508108e+02 -5.4950527634e+01 -1.9134489108e+02 2.4610727486e+02 5.5652693645e+00
-3.9268977146e+02 3.7064978298e+00 -2.9671670971e-01 -1.2976591071e+02 3.3399455128e+02 1.3163686966e+00
7.7528072456e+04 -8.8747059878e+03 -2.7218211534e+03 4.1841616346e+02 -5.0561906768e+01 -1.4759129270e+01
-3.0756002920e+02 -1.7246381260e+02 -3.4678072053e-01 -2.0382731172e+02 2.2708566781e+02 9.4273889003e+00
-3.1280188032e+02 -1.2921351388e+02 -5.1366502598e+01 -1.8796270054e+02 2.3428784959e+02 3.4008792610e+00
-3.3517169171e+02 -1.8332446426e+02 -7.0020531097e+01 -2.0826948087e+02 2.3698713881e+02 1.4664988676e+00
-1.7457256361e+05 2.4615930886e+04 2.0307275666e+03 -4.2036405790e+02 6.0452378908e+01 4.7890256477e+00
-2.4948116725e+04 9.6300014007e+03 2.2526032981e+03 -3.8207285330e+02 1.5521039477e+02 3.4605597220e+01
-3.6469555050e+02 -1.7938675880e+02 1.2763100285e+01 -2.3041934431e+02 2.4003387389e+02 -1.2891497884e+01
-3.2583252278e+02 -1.4680415487e+02 2.9461090277e+01 -1.9791596143e+02 2.3568080948e+02 -5.8827221284e+00
4.1146004827e+04 -8.9982947800e+04 4.6096024829e+03 1.7271909326e+02 -3.8270203271e+02 1.9589500021e+01
-3.6308902295e+02 -1.4750926764e+02 -2.2126298219e+01 -1.9881349062e+02 2.4899805996e+02 2.4726163828e+00
-3.0693736097e+02 -8.2048137338e+01 -3.1048033557e+01 -1.6696365392e+02 2.3961146082e+02 -1.1300441700e+01
-3.7397998957e+02 -6.0568928311e+01 -3.2548320703e+01 -1.5978139900e+02 2.8270758980e+02 8.5552291465e+00
-2.9931106235e+02 -2.1811942725e+02 -1.7797115147e+01 -2.3564561897e+02 2.1385587031e+02 -1.1162902474e+01
-3.2843858422e+02 -1.1843707345e+02 -2.0310879354e+01 -1.7554682458e+02 2.3117465176e+02 -7.1359373037e+00
-1.3096268550e+02 1.5142899565e+02 -1.5940030262e+01 7.7518621813e+01 1.6283300928e+02 -9.2693377902e-01
-3.1826674170e+02 -1.0894719644e+02 3.2723112124e+00 -1.6822666960e+02 2.4752684716e+02 2.1848099357e+00
-8.8966364912e+04 -2.7020543706e+04 -3.3178121667e+03 -3.9736659071e+02 -1.1840160531e+02 -1.5130483944e+01
-3.4755538203e+02 -1.4428647468e+02 4.5584942734e+01 -2.0058965966e+02 2.5056772441e+02 -1.1139292266e+01
6.4246245234e+03 2.0852035821e+04 6.4078855418e+02 1.2860317279e+02 3.8683594817e+02 1.1764446027e+01
-3.3617629475e+02 -1.5784354762e+02 -2.3806404635e+01 -2.0815161075e+02 2.6032472352e+02 1.0577773044e+01
4.8131388679e+04 -4.1473664099e+04 -2.1705521479e+03 3.0414780955e+02 -2.6614155673e+02 -1.4030940796e+01
-5.8696999418e+02 -8.1616070520e+03 -8.2317481948e+01 -5.3938614558e+01 -4.0884144142e+02 -6.1794459094e+00
1.8046675789e+04 8.9194729678e+03 8.0468081519e+01 3.8307202481e+02 1.7776499184e+02 1.6445080505e+00
-3.1964937516e+02 -1.3971596046e+02 5.2716515779e+01 -1.9377330736e+02 2.2839436118e+02 -4.1048090196e-01
-3.2162512300e+02 -1.8272062712e+02 -2.3300061185e+01 -2.1956639525e+02 2.4256006844e+02 5.7047525615e+00
-5.9036067059e+04 1.3988165572e+03 5.0662110899e+01 -4.1167472223e+02 1.3008737857e+01 9.3829364773e-01
-3.6321201804e+02 -9.7860832196e+01 2.2822302981e+01 -1.8443654975e+02 2.5792221981e+02 -5.9207565467e+00
-3.4421244963e+02 -8.9766605424e+01 -3.8408549844e+01 -1.7380611422e+02 2.5459858998e+02 -7.8354191254e-01
-3.5384878628e+00 -3.8156075623e+02 2.4696334471e+01 -3.1050625852e+02 -7.8373760506e+01 4.7395362205e+00
-2.9856964949e+02 -1.6079007473e+02 -3.9053638591e+01 -1.9584537107e+02 2.1594553677e+02 2.2057840966e+00
-2.8088952397e+02 -1.2626167142e+02 -4.6410605213e+01 -1.8665807340e+02 2.1697348224e+02 5.5368007342e+00
-2.0784298987e+04 -9.6272121617e+03 1.3567497845e+02 -3.9143812929e+02 -1.7145899426e+02 2.6479045702e+00
-1.1314794158e+05 4.2341090408e+03 -3.5000058213e+03 -4.1159872604e+02 1.7182802667e+01 -1.2885326331e+01
-3.3845191122e+02 -7.5747279872e+01 -3.6201788751e+01 -1.6249253335e+02 2.5441938214e+02 -1.5409374293e+00
1.9611082851e+04 -1.3918677249e+05 4.1986082194e+03 5.7796592055e+01 -4.2053678091e+02 1.2823700001e+01
-2.7453240059e+02 -2.1289732054e+02 5.5029154878e+00 -2.0936614111e+02 2.0959883322e+02 4.7916823517e+00
-3.2184212206e+02 -1.0745947479e+02 3.3263877224e+01 -1.7684301655e+02 2.4604413973e+02 1.1534170641e+00
-3.3138576293e+02 -4.0512618037e+01 1.2346423984e+01 -1.4068853902e+02 2.6940204183e+02 -1.6129639329e+00
-2.7782186532e+02 -1.9272251757e+02 2.3863106909e+01 -2.0855134147e+02 2.1559640995e+02 2.5556523762e-01
-2.8654311125e+02 -1.0841832528e+02 2.1217696828e+01 -1.4998039552e+02 2.2768530823e+02 -1.5569843315e+00
-2.8579322105e+02 -1.5777398601e+02 2.1080008808e+00 -1.7913682632e+02 2.3105030455e+02 -2.4407822883e+00
-7.8524627284e+04 7.4589787321e+04 3.0677530774e+03 -2.9677853765e+02 2.8450657026e+02 1.1754566567e+01
-3.1771112402e+02 -7.8516834580e+01 5.4311690086e+01 -1.6610867490e+02 2.4808289318e+02 -5.2256772677e+00
-6.8615254113e+04 5.1253878866e+04 4.1151198752e+03 -3.3392155512e+02 2.5245977290e+02 2.0228823856e+01
4.8864447938e+04 -4.1303725675e+04 -5.9774648857e+02 3.1436238351e+02 -2.6970011209e+02 -3.3582147378e+00
-3.4682715891e+03 -6.6618946931e+02 7.1410220089e-01 -4.0602440693e+02 -2.0837640068e+01 1.3904731457e+00
-3.1646889538e+02 -1.1378428022e+02 -7.1116338707e+01 -1.7335102723e+02 2.3258571518e+02 7.1948490775e+00
-3.1600741202e+02 -5.6613203778e+01 3.1713417288e+01 -1.5230903086e+02 2.3236511155e+02 3.3469191259e+00