-2.5404661508e+04 -1.5923577616e+04 6.1271041729e+02 -3.3839127157e+02 -2.0487863373e+02 8.5401319568e+00
6.3285107999e+04 2.2348112266e+04 -1.4712084625e+03 3.9743943066e+02 1.3710980568e+02 -8.9320207819e+00
-5.5733911976e+03 -2.4933821890e+03 -4.1096261384e+01 -4.1040733566e+02 -1.4683555795e+02 -4.2516516797e+00
-3.1522970150e+02 -1.9178050737e+02 5.2056533427e+01 -3.9800426829e+02 3.2980015514e+01 -1.3458641304e+01
-3.1565981026e+03 -8.7331016772e+03 7.7885955279e+01 -1.6239907246e+02 -3.8477554837e+02 2.7070764248e+00
-5.6907035012e+03 -2.3804786207e+02 -1.1338018770e+02 -4.2053289784e+02 1.9366316328e+01 -8.3606790606e+00
-3.4220594405e+03 1.0151011625e+03 1.4172398433e+01 -3.9881614178e+02 1.8136061638e+02 -1.2387352418e+00
-1.3564772978e+03 -1.1904107697e+01 -7.7938655949e+01 -4.0405441263e+02 1.3840488836e+02 -2.4520245546e+01
-3.0882495105e+02 -2.2087879808e+02 5.0112384613e+01 -3.9900853780e+02 1.6472081758e+01 -1.2630866925e+01
-3.5604071357e+03 2.7816737735e+02 9.2631853255e+01 -4.1607033509e+02 8.8623686174e+01 1.4248946160e+01
-5.4606047325e+03 -1.2427072855e+03 -1.1427958418e+02 -4.0295617422e+02 -5.5416089732e+01 -7.8407895501e+00
1.3364707331e+05 -5.0373622600e+04 -4.9760898377e+03 3.9338057627e+02 -1.4979305336e+02 -1.4827626856e+01
1.0090982542e+05 -1.6087013703e+04 -1.2322608840e+04 4.0897856885e+02 -6.7218923967e+01 -5.0189623139e+01
-2.9187774537e+02 -1.9465656071e+02 8.2388016863e+00 -3.8108204286e+02 3.2406204986e+01 1.7371970303e+01
1.7757562485e+04 4.3941369008e+04 7.0411207510e+02 1.5868324880e+02 3.8126550292e+02 6.0218143961e+00
7.5145607860e+03 4.8956887698e+04 5.7376271218e+02 6.7832815381e+01 4.1522878473e+02 5.0969771735e+00
-2.8512220143e+02 -1.6931721092e+02 6.3687572648e+00 -3.6867912617e+02 2.0371075854e+01 1.2206778245e+01
-2.9921835688e+02 -2.3496785428e+02 -5.4570833172e+01 -3.9185490165e+02 2.0243634451e+01 1.6848365195e+01
6.9082075572e+04 1.5466267430e+04 -2.3070078661e+03 3.8610041268e+02 8.3619703903e+01 -1.2880868285e+01
-2.1414982477e+04 -8.4684741868e+04 9.2083682407e+03 -1.0407594933e+02 -4.0220510130e+02 4.4039704488e+01
4.9169659542e+03 -1.0252862424e+04 -7.8286160234e+02 1.5992563992e+02 -3.7227274280e+02 -2.7398664720e+01
-2.7299472504e+02 -1.9559585171e+02 -3.7095539312e+01 -3.9685958734e+02 2.5682478328e+01 1.4711735104e+01
-3.2321027884e+02 -1.8773871834e+02 -2.5882066467e+01 -3.8442261449e+02 3.2334685613e+01 1.9890409461e+00
-3.0252493107e+02 -1.8381298151e+02 6.7271113898e+00 -3.9421076994e+02 1.8661792802e+01 8.9636504815e-01
-3.4055449338e+03 7.1206683943e+02 -1.2829247116e+02 -3.9915772305e+02 1.4366065723e+02 -2.2434277804e+01
-9.1325668076e+04 8.0883386540e+04 -9.5558912239e+03 -3.0918154641e+02 2.7601854914e+02 -3.2200678199e+01
5.0285586287e+04 -9.3253006820e+04 2.1261007822e+03 1.9981509327e+02 -3.7462331669e+02 8.7182781008e+00
7.2648664204e+02 -8.2262100319e+03 1.6781977211e+02 1.3116168324e+01 -4.1940382387e+02 7.4328009114e+00
-1.9101884524e+04 1.2127827115e+04 -1.2379526428e+03 -3.5527391155e+02 2.3652697087e+02 -2.3010345592e+01
8.0914177619e+04 1.3535701821e+04 -2.2128420931e+03 4.1901599452e+02 6.7519588640e+01 -1.1471368768e+01
-1.6253240632e+04 -1.7544585169e+04 -1.2412652462e+03 -2.9800900060e+02 -3.0865055511e+02 -2.2005655754e+01
1.1509388861e+05 4.8960390247e+04 7.5729449761e+03 3.8084090681e+02 1.6025280531e+02 2.5203641258e+01
-2.3946288616e+03 5.7950366054e+02 -1.5898533779e+01 -3.9998018280e+02 1.8532224546e+02 1.7738892444e+00
-6.3783471860e+03 -3.1947204082e+03 -1.0627322603e+02 -3.9905362738e+02 -1.6590437345e+02 -6.0127149492e+00
-2.7143176488e+02 -1.6792809093e+02 3.3187574066e+01 -3.6600567032e+02 2.6307979375e+01 -2.9014409612e+00
-2.2941728967e+03 -7.9819114398e+03 -7.2587772736e+01 -1.4004165218e+02 -3.9955128864e+02 -4.5196546639e+00
-5.3450285349e+03 -4.3104612040e+03 -1.4757236195e+02 -3.4023959061e+02 -2.3644037087e+02 -9.0146121577e+00
-3.0200018627e+02 -2.0357708908e+02 -3.1874990297e+01 -3.9045015476e+02 2.8390204484e+01 8.2170963231e+00
2.7024416314e+04 -3.7797053506e+04 -4.7127858653e+02 2.4442280747e+02 -3.4967604478e+02 -4.7374483527e+00
-2.7455457820e+02 -1.9879714210e+02 2.9538242996e+01 -3.9796380585e+02 3.5161579009e+00 2.2302083393e-01
-8.5605959696e+01 3.4038265254e+01 7.6133864763e+01 -6.0918542551e+01 9.3091045137e+01 -2.2722029550e+01
-2.3901072126e+03 2.9291337957e+02 5.2583233905e+01 -4.0257226555e+02 1.3307634688e+02 9.7382365626e+00
-1.2448343194e+05 -7.6037789743e+04 -1.1395418011e+04 -3.5879453363e+02 -2.1751220348e+02 -3.2802596599e+01
-5.4490835658e+03 -6.1155118779e+03 -1.7675009112e+01 -3.0003561500e+02 -2.9793414585e+02 -2.1426813028e+00
-3.2292167118e+03 -7.5813244470e+03 -5.0703094901e+02 -1.8518501025e+02 -3.7472244965e+02 -2.6761397579e+01
-5.9917948831e+03 -3.4805712429e+03 -1.4469084168e+02 -3.7523534869e+02 -1.8436081895e+02 -7.8994007165e+00
-2.9001524863e+04 -1.4031631643e+04 -3.0187580439e+03 -3.8609221310e+02 -1.7972582935e+02 -3.9822277815e+01
-2.9559500254e+02 -2.5586832972e+02 2.8247542510e+01 -4.1269479002e+02 2.1238782876e+01 -8.0752108963e+00
-3.0106491798e+02 -1.7539426502e+02 2.4299988634e+01 -3.8946957653e+02 4.0192575333e+01 9.4875567480e+00
-5.0994252709e+03 -7.4818031276e+03 -1.7920241354e+02 -2.5023828805e+02 -3.2710804895e+02 -1.0010628352e+01
-3.2339436027e+03 1.2278131246e+03 -1.9339008251e+02 -3.7520272683e+02 2.0883828636e+02 -2.4682194994e+01
-3.3485519606e+02 -1.9875982654e+02 3.5853921238e+00 -4.0613667963e+02 4.9237365117e+01 6.2916246129e+00
4.3901618179e+04 5.9713763563e+04 -2.5371769659e+03 2.4727253780e+02 3.3167519442e+02 -1.4256494412e+01
1.3204766296e+04 1.5929109726e+04 -1.2103253599e+03 2.6881236601e+02 3.0963640872e+02 -2.3458306037e+01
-1.7559270731e+03 -8.9823449324e+03 4.8808671500e+02 -9.9745607615e+01 -3.9792846367e+02 2.2824598048e+01
1.7025775965e+04 5.0946644277e+04 4.4126434103e+03 1.3322784916e+02 3.8673922116e+02 3.3813925889e+01
-1.7430525300e+05 2.9112729489e+04 5.9963238358e+02 -4.1974633229e+02 7.1288695504e+01 1.3389757619e+00
5.4032452968e+03 -1.1178815294e+04 6.4448323977e+02 1.6134515325e+02 -3.6998931263e+02 2.0534351596e+01
8.3791999303e+03 1.8900657649e+04 -6.1722186280e+02 1.6616166534e+02 3.5219061429e+02 -1.2297163901e+01
-1.1096973895e+05 2.2045913712e+04 -8.2872144556e+03 -4.0789016558e+02 8.2880589296e+01 -3.0544203951e+01
4.5421160857e+04 -8.6897569201e+03 -1.2230151289e+03 4.0502293932e+02 -8.1947366913e+01 -1.0777050586e+01
-1.6327633957e+04 -5.8064663488e+04 -6.7723018929e+03 -1.1545033738e+02 -3.9805248655e+02 -4.6483863599e+01
2.5116396110e+04 5.0108770090e+04 -6.6331730971e+03 1.9449782697e+02 3.7961287294e+02 -5.0746663970e+01
-1.1983695297e+02 -2.8896356399e+02 3.8776428763e+00 -2.8467833568e+02 -1.2567952191e+02 -2.0465632647e+01
-3.2959677543e+02 -2.3648378380e+02 -1.0866379952e+01 -4.0659091040e+02 3.7261178989e+01 -1.4778657660e-01
-2.7299173788e+02 -2.2226576431e+02 -6.6895520223e+00 -3.9835199399e+02 1.3482329719e+01 8.6473724252e+00
6.0298051333e+03 -1.1185397524e+04 -1.2925044443e+01 1.8224768218e+02 -3.7023429757e+02 -5.3783380407e-02
-3.1825075662e+02 -2.5816155228e+02 -3.1059338019e+01 -4.2236506167e+02 2.0722397081e+01 1.0793441287e+01
-1.2601069674e+04 4.5601358452e+04 4.6077392761e+03 -1.0830599887e+02 4.0788569451e+02 4.1814777284e+01
8.8392152220e+04 -2.0123967015e+04 1.8311924899e+03 4.1442391672e+02 -9.6693710887e+01 8.5713292490e+00
5.8096635142e+04 -3.1320720901e+03 1.1327587410e+03 4.2322917003e+02 -2.6375909034e+01 8.5249566963e+00
-1.3191096072e+03 2.4917239320e+02 -5.9228322556e+01 -3.8296639662e+02 2.3074214809e+02 -2.6734614661e+01
-2.8299558698e+02 -1.3513846551e+02 -9.2368134901e-01 -3.5316716219e+02 3.2805329126e+01 -9.3286419668e-01
-3.2513446201e+03 6.6123756971e+02 1.6688951603e+02 -3.8264494416e+02 1.3940413518e+02 1.8359606844e+01
8.8973019793e+04 2.5265584858e+04 -1.3357284497e+03 4.0774562423e+02 1.1345497470e+02 -6.1141230110e+00
-2.5396830378e+02 -2.0048002382e+02 -3.2509973233e+01 -3.7185619965e+02 1.0640988923e+01 1.0478108111e+01
-4.1293860637e+03 -7.3358192189e+03 3.0320012403e+01 -2.3110458530e+02 -3.6199990667e+02 3.1970741995e+00
-3.0928844230e+02 -2.3193332435e+02 1.2311642979e+01 -4.1685516972e+02 2.1403866938e+01 -9.5417045858e+00
2.8167171046e+03 -1.1408309852e+04 5.9796797098e+02 8.4083057982e+01 -4.1021898855e+02 2.2366644158e+01
9.3017731261e+04 4.8417434986e+03 1.6720446314e+03 4.0988104122e+02 1.9185481614e+01 7.1422882133e+00
8.0863630178e+04 -3.1517148061e+04 3.1340785573e+03 4.0006856561e+02 -1.5855793998e+02 1.5614459015e+01
-5.5044163078e+03 -6.3118939031e+03 2.7066821931e+02 -3.0097119509e+02 -3.0760432727e+02 1.4560150063e+01
-2.9065599353e+02 -2.1685762877e+02 -3.1740600813e+01 -4.1421869455e+02 1.0057894735e+01 -8.8683558736e-02
-4.3656171900e+03 -6.8044703929e+03 -1.2421484466e+01 -2.4451759846e+02 -3.3460292589e+02 -2.3449696705e+00
5.6461962859e+04 -1.3395454906e+04 5.0724435533e+02 4.1902072787e+02 -1.0313480854e+02 3.6445339422e+00
-2.9140111049e+02 -1.8275730824e+02 -5.5179577628e+01 -3.8369244056e+02 4.1488587571e+01 3.5379466001e+00
8.6687995913e+04 -1.1353098760e+05 -6.9181428589e+03 2.5442209964e+02 -3.3559544710e+02 -2.0375376900e+01
-1.0384976834e+03 5.0741183787e+02 -1.3758230583e+01 -2.6949394370e+02 3.3319346954e+02 -7.8192053012e-01
3.4878762637e+03 -1.0407427748e+04 -8.3146972526e+01 1.2026002128e+02 -4.1365179791e+02 -2.9447003680e+00
6.7213155461e+03 -1.1871273012e+04 5.4393345101e+02 1.8929315852e+02 -3.6446978588e+02 1.5672431545e+01
-3.0089346781e+02 -2.4089163852e+02 -2.7611375262e+01 -4.1124452794e+02 3.4461300024e+01 1.1698009135e+00
-3.0254807836e+02 -2.4112738400e+02 1.7344082000e+01 -4.1115887417e+02 3.8803396424e+01 -8.5149569247e-01
-2.9176235741e+02 -1.7641339719e+02 -2.1046244318e+01 -3.7949463004e+02 3.5445827301e+01 2.7145235137e+01
5.2114346901e+04 7.3206616271e+04 -7.5224098101e+03 2.4355953398e+02 3.3818479683e+02 -3.4758234017e+01
-3.0830070964e+02 -2.3522932331e+02 -2.2956994680e+01 -3.9648984242e+02 3.3897204864e+01 1.7551582854e+01
-9.9023395505e+02 4.9430793986e+02 1.3592086213e+00 -2.4814404952e+02 3.3304041158e+02 -8.1493847709e+00
-2.8656275372e+02 -2.4467961933e+02 -1.1774321065e+01 -3.9427602997e+02 6.7468895433e+00 5.4317787099e+00
4.1610398447e+04 -5.5578847755e+04 1.6062499975e+03 2.4525802072e+02 -3.3243423758e+02 9.7121225678e+00
-1.6741550174e+03 -1.0249606981e+04 1.1151808475e+02 -8.5923782811e+01 -4.0594416980e+02 3.1413860835e+00
-1.0244207248e+03 5.2129207782e+02 1.7729429060e+01 -2.5824023176e+02 3.3546285616e+02 2.9166098865e+00