-2.7102512808e+02 -1.7607759537e+02 1.4576510287e+00 -2.5383594379e+02 1.4454473326e+02 -4.1363062005e+00
-3.0599978449e+02 -1.3070072229e+02 -1.6598958236e+01 -2.4450600778e+02 1.6163794678e+02 3.9515446783e+00
5.5313581609e+04 -4.1565698517e+04 -4.8067799847e+03 3.2732628462e+02 -2.4961072549e+02 -2.8190586006e+01
-4.8306608702e+04 6.2957247082e+04 -8.2554132550e+03 -2.5116719644e+02 3.3146971162e+02 -4.3323955885e+01
-3.8846409278e+02 -6.3015705511e+01 4.0178203571e+01 -2.6172051934e+02 2.3205476973e+02 -1.1266084799e+01
-3.4092234301e+02 -4.1867007260e+01 2.5673133380e+01 -2.5057118369e+02 2.3591545436e+02 -2.6589141195e+00
-2.6935395004e+02 -6.7576819792e+01 -1.1722590116e+01 -1.9907119256e+02 1.6587837329e+02 -2.7694105421e+01
-2.2612724974e+02 -2.1822934808e+02 -1.1876515922e+01 -2.7942784747e+02 1.0014243640e+02 5.7675379461e+00
-2.5880213616e+02 -1.4844450214e+02 -3.5454260048e+01 -2.4853303797e+02 1.3819406558e+02 -8.5120991461e+00
-2.8308136793e+04 7.1393521327e+04 6.5157895954e+03 -1.5282005633e+02 3.9266856737e+02 3.5805605331e+01
7.7658230383e+04 2.1836512779e+04 -5.0564367900e+03 4.0746616040e+02 1.1205880064e+02 -2.7088191871e+01
1.3665284903e+05 -4.2272996010e+04 -4.7324656444e+03 4.0223680105e+02 -1.2590926975e+02 -1.4137965066e+01
8.7851159726e+03 1.0962769703e+05 4.2312464352e+03 3.5989151376e+01 4.2507646058e+02 1.6339171670e+01
2.8767636734e+04 -5.3018146094e+04 3.0227815783e+03 2.0212992509e+02 -3.7983016592e+02 2.1706158541e+01
1.9690520798e+03 2.3203917450e+04 -2.2399989596e+01 4.1770571250e+01 3.9291975445e+02 -8.2957733058e-02
-3.7821535393e+02 -2.1289131841e+02 6.1107672877e+00 -3.1908978503e+02 1.6871121328e+02 7.8220302145e+00
-2.3687045174e+02 -1.5921995058e+02 -3.7882477990e+01 -2.5112087561e+02 1.1523346281e+02 2.6064587431e+00
-2.3785927513e+04 2.1313220799e+04 2.8790449686e+00 -3.1002657121e+02 2.8643390522e+02 -6.1128782397e-01
-3.0479551578e+02 -1.6735135961e+02 4.4078505232e+01 -2.6679364851e+02 1.4983074173e+02 -4.7058662566e+00
5.5496136480e+03 9.9688439592e+04 -2.6837379510e+03 2.5071902776e+01 4.1354035356e+02 -1.0965952499e+01
-2.5591095616e+02 -9.2361950850e+01 -1.6704918926e+01 -2.4492706584e+02 1.4757930639e+02 2.6615749257e+00
-3.9944092417e+02 -2.1494297416e+02 -2.9914354465e+00 -3.3862178185e+02 1.7739989589e+02 1.1251998692e+00
-3.8542123000e+04 -4.6450148175e+04 4.5674283509e+03 -2.7205369289e+02 -3.2254759910e+02 3.1932456815e+01
-2.5703126274e+02 -1.7815120930e+02 -3.4504699290e+01 -2.5693516982e+02 1.1793460798e+02 6.3141498119e+00
-2.6654209592e+02 -1.9430907390e+02 3.6492210413e+01 -2.7540801296e+02 1.3209171254e+02 -2.5236867604e+01
-1.2307339929e+05 -2.6910290231e+04 2.0444968110e+03 -4.0672379505e+02 -8.7308564216e+01 7.0716862107e+00
8.7412808741e+03 2.7253676568e+04 6.2503634514e+02 1.3684703596e+02 4.0290116255e+02 8.9946413804e+00
-2.7120174185e+02 -1.5766778807e+02 -2.9388114924e-01 -2.5209610887e+02 1.3676747574e+02 5.5850571510e+00
-2.1523640656e+04 1.4296652158e+04 -1.1016806405e+03 -3.4392198242e+02 2.3775512186e+02 -1.8416574937e+01
8.2938593149e+04 -9.0759856911e+04 2.9494023191e+03 2.8041694178e+02 -3.0928718861e+02 9.8348191606e+00
-8.9032656543e+04 6.4453386476e+04 1.1405569954e+04 -3.3327846075e+02 2.4355738658e+02 4.2742627766e+01
-1.3286630015e+05 2.7222538567e+04 -7.3416209035e+03 -4.0838466661e+02 8.5229229804e+01 -2.2530725740e+01
-2.8728173978e+02 -1.8198445719e+02 4.0310647425e+01 -2.6987876650e+02 1.4379477339e+02 -1.6743481468e+01
7.6210769330e+02 -2.8816765322e+04 -6.9105307099e+02 3.9904689900e+00 -4.2929461490e+02 -1.0135108810e+01
-2.3457908392e+02 -1.4502428037e+02 3.5260585732e+00 -2.3264381994e+02 1.2291057525e+02 4.9622174980e+00
-2.5618537500e+02 -9.8288024747e+01 -5.8366955782e+01 -2.1976650776e+02 1.3266975302e+02 1.1656205785e+01
-2.7128498018e+02 -1.4330626799e+02 2.8735506172e+01 -2.5238949908e+02 1.4022198552e+02 -1.0491706550e+00
-2.6226742137e+02 -2.0751611173e+02 1.2593009058e+01 -2.8649672847e+02 1.2069980211e+02 5.9800275063e+00
-2.8682253431e+02 -1.2701866676e+02 1.0222147904e+01 -2.5683584403e+02 1.4734956139e+02 -8.9884529516e+00
-2.0035267229e+02 -2.1130970142e+02 -2.5033380801e+01 -2.6413563473e+02 9.9327401970e+01 -5.3198081033e+00
-2.4718200376e+02 -1.2795151229e+02 3.7012631035e+01 -2.4736546245e+02 1.4849781066e+02 -7.8301124977e-01
-3.4766853269e+03 -7.2814865686e+02 7.2556997232e+01 -4.0812207765e+02 -2.9989449018e+01 1.1105992296e+01
-3.1447244338e+04 -1.4646522215e+05 1.1141632912e+04 -9.0313723669e+01 -4.1412958140e+02 3.1640527766e+01
-2.3531902969e+04 -5.0216053179e+04 6.6376839462e+03 -1.8560093307e+02 -3.8741923071e+02 5.2202102598e+01
-1.2778261399e+02 2.9059563390e+02 1.4389833348e+01 1.5521129846e+02 2.5211984775e+02 -4.0649276747e-01
-1.5484456591e+02 -3.8035745523e+02 -1.9285767216e+01 -3.5672937784e+02 -5.9803182207e+01 -2.7701968979e+00
-2.0284118057e+04 7.7255752399e+04 2.5622025154e+03 -1.0545310769e+02 4.1191610142e+02 1.3705179486e+01
1.1499082775e+03 2.4402536029e+04 5.8248247906e+02 2.7510464690e+01 4.1359145812e+02 9.9145733402e+00
5.2987683910e+04 3.8599364027e+04 -5.0669634820e+03 3.3945228231e+02 2.4340880618e+02 -3.2078396304e+01
-3.2789749172e+02 -1.6017321309e+02 -5.3408272272e+01 -2.6274009597e+02 1.6224074066e+02 1.0835715788e+00
-2.3625214913e+02 -1.8846639778e+02 9.0487149245e+00 -2.6566022782e+02 1.3876908686e+02 7.1748692090e+00
-3.0057622189e+02 -1.7753374768e+02 -3.7172855315e+01 -2.5947886149e+02 1.5098434422e+02 -8.1580297842e+00
-8.4514543454e+04 4.9655512838e+04 -3.3703226063e+03 -3.6639406861e+02 2.1772083440e+02 -1.4699519708e+01
-2.3547011626e+02 -1.7705545867e+02 6.7718506250e+01 -2.7074729421e+02 1.2387392950e+02 -1.4824518760e+01
-2.5236358411e+02 -2.0485390470e+02 -5.2056920218e+01 -2.7098440003e+02 1.1878586489e+02 1.6694680863e+00
-2.4998472203e+02 -1.4840475461e+02 1.9483492770e+01 -2.3907878814e+02 1.2865322384e+02 5.7012563206e+00
-1.7756121802e+05 -2.5741269990e+04 1.3031541359e+04 -4.2505826364e+02 -6.0445547663e+01 3.1265054098e+01
-3.5540877640e+02 -8.0473720069e+01 7.5343642184e+01 -2.8459134672e+02 2.2783556749e+02 2.1388341678e+01
-2.7670693010e+02 -8.7262285211e+01 5.2544188312e+01 -2.3758174097e+02 1.7130456478e+02 -1.4190154540e+01
-2.2897687517e+02 -1.1629240665e+02 -4.0999663095e+01 -2.2813264820e+02 1.3219366897e+02 1.4123531000e+01
-8.9825556711e+04 -7.2742059881e+04 -3.8796941631e+03 -3.2451613336e+02 -2.6056836212e+02 -1.4039267149e+01
-5.9939311321e+04 7.3340918893e+03 -4.2501654294e+03 -4.1124092989e+02 5.3733186998e+01 -2.9568234502e+01
-2.3831173362e+02 -1.2153033029e+02 -2.7817838296e+01 -2.1635966506e+02 1.4271708508e+02 -4.6966326240e+00
-2.6872300103e+02 -6.9310964187e+01 3.2254010052e+01 -2.1726527363e+02 1.7853730187e+02 -9.6391886783e+00
1.6796973725e+04 1.5371861691e+04 -4.5636184198e+02 3.2205573280e+02 2.8224382207e+02 -8.0777979164e+00
-3.0055970847e+02 -1.6932216670e+02 -1.5583663872e+01 -2.7549089305e+02 1.4085608457e+02 3.9827557294e+00
-3.2966405552e+02 -1.5206710321e+02 4.0310069609e+01 -2.7698015996e+02 1.6061453057e+02 -2.3800817640e+01
-3.0910099061e+02 -1.4653374148e+02 1.6850725190e+01 -2.5612207951e+02 1.5410270337e+02 -1.2746654187e+01
-5.7658464892e+04 3.8532357930e+03 1.2943456714e+03 -4.1913154451e+02 3.1513996107e+01 9.7451926337e+00
-2.3511681911e+02 -1.5290137835e+02 -5.4889374073e+01 -2.5654903328e+02 1.3956151648e+02 1.9247439198e+01
-8.5974439175e+04 -4.7027854928e+04 -3.3976490999e+03 -3.7513463151e+02 -2.0274912454e+02 -1.4751312359e+01
-2.8434595105e+02 -2.0749619785e+02 -1.2131592190e+01 -2.8436784724e+02 1.3313544442e+02 1.0748419403e+01
-2.6331176208e+02 -1.2606675896e+02 -4.0704221641e+01 -2.5445406625e+02 1.3850950933e+02 -6.0260794988e+00
-2.2657600379e+03 -2.7957591340e+03 1.4966398324e+02 -3.0777780779e+02 -2.8941868983e+02 1.6040946245e+01
-2.7942001728e+02 -1.0688200292e+02 -7.7097949937e+00 -2.3608439295e+02 1.4336773403e+02 1.3921212922e+01
-1.9382567592e+02 -2.0616542620e+02 3.9640534686e+01 -2.6939349018e+02 1.0616395605e+02 -2.5171554156e+00
-2.6969882997e+02 -1.6845814473e+02 5.0383426267e+01 -2.5107507977e+02 1.3268589533e+02 4.3395082483e+00
-2.3954562458e+02 -2.0181592035e+02 -4.9152294485e+01 -2.6055711814e+02 1.2083145576e+02 1.0620032255e+00
-3.7832826229e+02 -6.0351277248e+01 2.7700204111e+01 -2.3505275382e+02 2.2417221367e+02 5.6226407890e+00
1.1044800958e+04 7.7486962143e+04 3.9429278583e+03 6.2318558925e+01 4.1844767540e+02 2.1123542994e+01
-3.1737797764e+02 -1.6454061638e+02 1.3090707870e+01 -2.7671840408e+02 1.4810988071e+02 -1.3299324750e+01
-2.1727293941e+02 -1.8812612016e+02 4.3445876240e+00 -2.5654961253e+02 1.2514223868e+02 -6.7166458090e+00
-2.7090242427e+02 -1.1358060698e+02 4.2830292167e+01 -2.3171568543e+02 1.3943742534e+02 -3.3786684184e+00
-2.4694815240e+02 -1.1793321761e+02 1.1411029925e+01 -2.3693601888e+02 1.4386644466e+02 -1.7566287956e-01
9.1256905805e+04 -4.9357201747e+04 -8.2359454408e+03 3.6903487537e+02 -2.0187097684e+02 -3.3363415287e+01
-3.5969705744e+02 -1.5580574251e+02 -9.2239554050e-01 -3.3284212432e+02 1.8957812662e+02 -4.7018063504e-01
1.3042591395e+05 -6.3165896614e+04 -8.5046003562e+03 3.8067999316e+02 -1.8596838349e+02 -2.4797407297e+01
6.4747677200e+04 3.9074643406e+03 -2.9282531797e+02 4.2806671321e+02 2.2582463944e+01 -2.1756429746e+00
-7.9403752592e+04 -1.7730986785e+04 9.6537583116e+03 -3.9920654071e+02 -8.6687960244e+01 4.8118502914e+01
2.0943100457e+02 -1.4268505552e+02 -5.0664742991e+01 -6.6117184909e+00 -2.2501082751e+02 2.4654634214e+01
-3.8254548464e+02 -1.6300763695e+02 3.0279189815e+01 -3.0548727683e+02 1.9368538841e+02 -6.6243414440e+00
-3.0910856228e+02 -1.2511830073e+02 2.6602304964e+01 -2.3799320300e+02 1.6795777947e+02 -6.9202403616e+00
-2.1077595565e+02 -2.0208745796e+02 1.6337282768e+01 -2.5960577134e+02 1.1304614880e+02 -1.2665854808e+01
3.0817413398e+01 -6.2410870783e+01 -2.0841853374e+01 -3.4784743421e+01 -3.1984058558e+01 4.5694624044e+01
-3.8443241804e+02 -6.2044198393e+01 -4.3145325288e+01 -2.4873994578e+02 2.2185238775e+02 4.4671262823e+00
-2.5454914198e+02 -1.8350143151e+02 -2.0875858127e+01 -2.7521490357e+02 1.2828058289e+02 -3.3606849240e+00
-2.6958187676e+02 -1.7465691997e+02 -6.4275716607e+01 -2.6972161979e+02 1.3280954714e+02 -8.9527553205e+00
-2.8467220593e+02 -1.7320805019e+02 1.2039696282e+01 -2.7489999566e+02 1.5382269865e+02 1.2684739546e+01
-2.4126009594e+02 -1.1957096017e+02 -1.0999716095e+01 -2.2316437798e+02 1.3945210049e+02 1.4622596937e+01
-3.0219490751e+02 -6.7408718547e+01 4.2773031836e+00 -2.7391821886e+02 2.1148957857e+02 5.6281378614e+00