-3.2792621727e+02 -1.8697287200e+02 4.5055023404e+01 -2.9236065594e+02 1.6464063102e+02 -7.7121480331e+00
-3.1226137871e+02 -1.3965913219e+02 5.1028050326e+01 -2.7081659348e+02 1.6736895032e+02 -3.1673972509e+00
6.6805510689e+04 3.1890969444e+04 -5.8514075465e+03 3.7362974187e+02 1.7532100739e+02 -3.2679420849e+01
-3.4966229842e+02 -1.1671522439e+02 2.8874147756e+01 -2.9214828156e+02 1.9535883031e+02 2.1734999818e+00
-3.2024803131e+02 -1.6331340096e+02 -4.2207931695e+01 -2.8389447658e+02 1.6564118174e+02 9.0889262897e-02
-3.2292055446e+02 -1.5725570100e+02 3.7074467807e+01 -2.9108373256e+02 1.5730988665e+02 -2.6824076471e+00
-3.4763027726e+02 -8.4197972003e+01 -2.8487246896e+01 -2.6623258907e+02 1.8820990874e+02 -7.1931225501e+00
-3.6488166768e+02 -2.7513974150e+01 -2.8011461464e+00 -2.3643535294e+02 2.3237019532e+02 -1.3975424612e+01
-3.1668714001e+02 -1.1142101036e+02 1.3971015080e+01 -2.7367791409e+02 1.8523383128e+02 3.9877845343e+00
-3.9804908286e+02 -1.6972480200e+02 -1.4640932989e+01 -3.1439162391e+02 2.0466756967e+02 3.0951607307e+00
-1.8706144258e+04 1.3042770267e+04 -2.1024296117e+03 -3.4527451901e+02 2.5168098875e+02 -4.0554723538e+01
1.0115892844e+05 -9.6966154193e+04 -1.2858279547e+04 2.9967784858e+02 -2.8929310969e+02 -3.8195250614e+01
-7.5563338195e+01 -1.2916851383e+02 -5.4500084443e+01 -1.3413055529e+02 2.2445276127e+01 1.4297408004e+01
-5.3276447101e+03 -4.5023102621e+03 -1.8551247056e+02 -3.3122242469e+02 -2.4346293146e+02 -8.7504442703e+00
-3.6314965073e+02 -1.2050443556e+02 2.7107898525e+01 -2.8132006314e+02 2.1106530271e+02 -9.6228938379e+00
-3.0178267865e+02 -2.2644002924e+02 8.4252393068e+00 -3.0364483762e+02 1.5219165430e+02 -4.3149788674e+00
-2.9497237189e+02 -1.7649827478e+02 -1.2249005457e+01 -2.8830768245e+02 1.5188124755e+02 8.2930756725e+00
-3.3114491739e+02 -1.1658823898e+02 7.1620496272e+01 -2.9456659606e+02 1.7468803613e+02 3.5946275006e+00
-1.0229615176e+05 -2.2649233053e+02 3.8676053283e+02 -4.2417390192e+02 1.0980227555e+00 1.6985859434e+00
-6.8189800004e+04 -8.0483052828e+04 8.6220186289e+03 -2.7153992735e+02 -3.1754080848e+02 3.4097269103e+01
-3.7263498531e+02 -1.8767389202e+02 4.6532338482e+01 -3.1183526389e+02 1.7796302075e+02 -9.8545327641e+00
2.7122939238e+04 -2.0762900508e+04 -3.1904408006e+03 3.2981091260e+02 -2.5999462961e+02 -3.8975819103e+01
-3.4679254414e+02 -1.7707056007e+02 -3.4608687323e+01 -3.0150168689e+02 1.7279134262e+02 3.0151654196e-01
1.6688842326e+04 5.3053566655e+01 -1.0713450041e+03 3.9788122840e+02 -1.0395975080e+01 -2.7156261127e+01
-2.1429523380e+02 -1.7590198361e+02 3.8024852222e+00 -2.4306101531e+02 1.2297473808e+02 -1.2351745048e+01
-9.5921702521e+04 -4.5411347892e+04 -7.1966455639e+03 -3.8522063469e+02 -1.8021652909e+02 -2.9101147882e+01
-3.4779818656e+02 -2.0285113751e+02 3.1386192374e+00 -2.9943592539e+02 1.7483958261e+02 -1.3152469344e+01
-3.5675924860e+02 -1.5288386037e+02 -4.4548179422e+01 -3.0859998794e+02 1.7431850256e+02 2.5437594460e-01
-2.7772791550e+02 -1.7769949680e+02 3.7989867408e+01 -2.9404932982e+02 1.4971094259e+02 1.5204091675e+01
-3.0189443502e+02 -1.4609113116e+02 3.8079218773e+01 -2.8264000761e+02 1.6580357591e+02 3.9415969256e-01
-3.2621357678e+02 -8.5738852634e+01 2.0372339352e+00 -2.6265029026e+02 1.8911460085e+02 -4.9759179710e+00
-8.5842922297e+04 1.0032168730e+05 -7.8691563481e+03 -2.6971008208e+02 3.1757119134e+02 -2.4836214688e+01
-3.0130039031e+02 -1.7137906810e+02 7.3503271552e+01 -2.8400614287e+02 1.7142791491e+02 9.3284237804e+00
-5.4720599550e+03 -3.7657669425e+03 -1.9448248534e+02 -3.4014743464e+02 -1.9877561835e+02 -1.1599023497e+01
6.0662442318e+04 -8.2910768529e+04 1.3945535049e+03 2.4717174031e+02 -3.4126083916e+02 5.6773428861e+00
-3.1999119870e+02 -2.3392797853e+02 -7.1006694042e+00 -3.2239468273e+02 1.5240411747e+02 1.0611471343e+01
-3.1048437083e+02 -6.8630515179e+01 -2.0019745887e+00 -2.3677280575e+02 2.2237675042e+02 -9.8476961363e+00
-2.5661818752e+02 -1.9982518479e+02 -6.1747578806e+00 -2.8855825684e+02 1.4578415414e+02 -3.0566031449e+00
4.3924156294e+04 -1.6619194928e+04 -4.8241637657e+03 3.9026140947e+02 -1.5230206674e+02 -4.3507962736e+01
-2.4827977171e+02 -1.7670252248e+02 1.6879294269e+01 -2.8712133120e+02 1.3379868462e+02 -3.2019536275e+00
-3.6563841731e+02 -5.5853035614e+01 2.3821502181e+01 -2.6327659010e+02 2.5504095030e+02 -1.9861766675e+01
-2.9007408531e+02 -1.1790195980e+02 3.1222024271e+01 -2.6413995103e+02 1.8024702778e+02 2.7443053989e+01
-1.3396571479e+05 4.5950280791e+04 -8.6013905047e+03 -3.9435647825e+02 1.3678543571e+02 -2.5461474905e+01
-3.3811460868e+02 -1.7250153911e+02 -7.4767148077e+01 -2.8052658885e+02 1.7267354186e+02 -3.6146519090e-01
-8.8596737618e+04 -7.2970607327e+04 2.5154163776e+03 -3.2020503640e+02 -2.6146084763e+02 8.9997148071e+00
-2.7792655459e+04 -5.3423806732e+04 2.7545413350e+03 -1.9364778785e+02 -3.6496550804e+02 1.9179141136e+01
-3.6142208214e+02 -1.6031402097e+02 9.7061898825e+00 -2.8636174405e+02 2.0077330142e+02 1.2860180753e+01
-3.5519737409e+02 -2.0359142871e+02 4.2181746910e+01 -3.0927106205e+02 1.8103465633e+02 -2.7292443572e+01
-5.1567220530e+03 -2.1164424471e+03 -9.9758144913e+01 -3.7850443509e+02 -1.1772599082e+02 -7.9750229669e+00
-3.2079817590e+02 -1.3344421279e+02 2.7526870958e+00 -2.6128332909e+02 1.6743252324e+02 4.2794344981e+00
-3.9434051881e+02 -1.7156498605e+02 3.0013071328e+01 -3.1063870181e+02 1.9333014489e+02 -1.1726375214e+00
-2.5133868088e+04 -8.4364090477e+04 2.3294545441e+03 -1.1872829790e+02 -3.9046971318e+02 1.0879084815e+01
-3.2005585155e+02 -1.3820086292e+02 -5.3688084944e+01 -2.7228057350e+02 1.9228355485e+02 -1.3575970387e+00
-3.6682060382e+02 -1.7436512673e+02 -6.3678106377e+01 -3.2195331416e+02 1.8618794768e+02 1.3583845427e+01
-4.1388371468e+02 -2.1075130534e+02 3.6660361193e+00 -3.4106716276e+02 2.0535403932e+02 -1.7492470262e+01
-2.9950441472e+02 -1.0868386038e+02 -1.3358396509e+01 -2.7134042347e+02 1.6908838078e+02 -3.5894062582e+00
-1.4155977645e+05 9.9912570258e+04 -1.3472678525e+04 -3.4279979933e+02 2.4341465832e+02 -3.2690569221e+01
9.8063152609e+04 -3.0377813731e+04 -1.8702614344e+03 3.9245831223e+02 -1.2363735613e+02 -7.5767122494e+00
7.8715372961e+04 -8.8862871909e+04 4.1212189400e+03 2.6615712314e+02 -3.0298557008e+02 1.3903261256e+01
-2.8445996361e+02 -1.0310816417e+02 6.2887209402e+01 -2.6221400518e+02 1.5627876552e+02 1.6284278641e+01
9.5840056807e+01 1.8419287742e+02 -2.0912437127e+01 1.9293650314e+02 2.7310436695e+01 5.0239290754e+00
-2.9619458028e+02 -1.7499189945e+02 -3.0530380560e+01 -2.7320146111e+02 1.6863705018e+02 4.9836360482e+00
-2.7971063475e+02 -9.1188114448e+01 4.0593630213e+01 -2.5198006925e+02 2.0059276717e+02 6.8938146081e+00
-2.9390922889e+02 -1.0626153850e+02 2.1520694724e+01 -2.4570762168e+02 1.8373587809e+02 2.8293872104e+00
-3.7136052762e+02 -1.5827887049e+02 -2.0792708612e+01 -3.0204255872e+02 2.0994052546e+02 -9.5205928029e+00
-3.7518899628e+02 -1.5865810867e+02 6.0127003190e+01 -3.0813518472e+02 2.0219942678e+02 7.6977406728e+00
3.1127935448e+04 1.8209137362e+04 1.8727121166e+03 3.7221861970e+02 2.1121658196e+02 2.2956404699e+01
-3.1230630782e+02 -1.6433689176e+02 5.4056917212e+00 -3.0060911657e+02 1.6686133315e+02 -1.3439485205e+01
-2.3427423504e+04 6.6348460927e+03 -8.0166565606e+02 -3.9648409294e+02 1.2098675182e+02 -1.4276202347e+01
-3.0241602762e+02 -1.7507285959e+02 1.3031955650e+01 -2.9455351100e+02 1.8361859743e+02 -8.0330719166e+00
-3.3320787309e+02 -1.1600830958e+02 -1.0307411162e+01 -2.7456703409e+02 1.8945325097e+02 -5.6275017090e+00
-3.0801717469e+02 -1.0158888272e+02 -2.3852189124e+01 -2.6675544234e+02 1.7480232323e+02 8.0133979610e+00
-2.9981315446e+02 -1.5775598010e+02 -5.2231729512e+01 -2.6189278012e+02 1.5993741470e+02 -2.0710476206e+00
-3.6170878399e+02 -1.6576911735e+02 4.7841852493e+01 -2.8376430496e+02 1.9071895518e+02 -1.5104960857e+01
-3.8247533392e+02 -1.5058771112e+02 3.8614344914e+00 -3.2255146401e+02 2.0762252697e+02 -4.5310283861e-01
2.6004914027e+02 -5.3977870877e+04 -2.2763968052e+03 -1.8108037069e+00 -4.2783693108e+02 -1.7989114387e+01
-3.3944973895e+02 -1.5455594248e+02 -1.7791395986e+01 -2.8956380146e+02 1.7872870128e+02 -1.1843025555e+01
-3.0285120958e+02 -1.9054282522e+02 -2.4702729224e+01 -3.0132433069e+02 1.7667623285e+02 -4.5265039959e+00
-1.0061571932e+05 -1.7784145178e+04 6.7432639449e+03 -4.1725844313e+02 -7.1756433394e+01 2.8099064473e+01
-4.3761291726e+03 -3.7228773281e+03 1.0431419413e+02 -3.2260938154e+02 -2.3285768006e+02 6.8286285423e+00
7.2012859182e+03 1.3609471969e+04 -2.5433691543e+02 2.0947731880e+02 3.6726437540e+02 -8.2970526262e+00
-3.3990055822e+02 -1.7415055852e+02 1.6447263344e+01 -2.9017616883e+02 1.8060768962e+02 -3.4966664548e+01
1.0947592115e+02 1.9028435320e+02 -3.9802866467e+01 1.9286986234e+02 1.8892887712e+01 5.9615324388e+00
-2.9877447399e+02 -1.8910306485e+02 2.1392358547e+01 -2.9359139857e+02 1.8043341458e+02 1.3844419490e+01
-1.1572755240e+05 9.0946360797e+03 -6.5701790002e+03 -4.2553158979e+02 3.5261653455e+01 -2.4147400367e+01
-3.8646452237e+02 -2.1358708791e+02 -2.0828321301e+01 -3.2248284323e+02 1.9813816450e+02 2.1976303606e+00
1.1313998689e+05 -8.7948784558e+04 6.0220016153e+02 3.3251119406e+02 -2.6028230685e+02 1.8223459941e+00
-2.8979577353e+02 -1.3167160073e+02 -4.4075605876e+01 -2.6437377558e+02 1.6436537623e+02 1.0035723629e+01
3.4916922286e+04 -4.2697539813e+04 1.6330873616e+03 2.6191557043e+02 -3.2605877603e+02 1.2540613592e+01
-3.6828662782e+02 -3.2599855951e+01 1.6624351754e+01 -2.5822473361e+02 2.2287545084e+02 -1.6113275774e+01
-3.8579549795e+02 -1.4632757104e+02 -2.9313422708e+01 -3.0269046669e+02 2.0000976817e+02 6.9119444318e-01
-3.5712524507e+02 -2.1537228333e+02 -3.5225966086e+01 -3.0819219314e+02 1.7471789024e+02 -9.4701535127e+00
-3.6344016368e+02 -1.9384879145e+02 -1.5121949584e+01 -3.1526390754e+02 1.7297038165e+02 5.7610663279e+00
-1.0569707797e+05 3.9948871944e+04 4.7914865337e+03 -3.8411178382e+02 1.4709327291e+02 1.7602213251e+01
-1.3664831463e+04 2.1927243149e+04 2.5058092119e+02 -2.0547143414e+02 3.4395526708e+02 4.1501449554e+00
-3.9291520523e+02 -2.1414219742e+02 3.3135890461e+01 -3.2024092185e+02 1.9897811212e+02 -9.3920156617e+00
-3.2771805425e+02 -1.5619720167e+02 7.6921012257e+01 -2.8299227901e+02 1.8683624045e+02 -3.3729176852e+00
-2.5866436525e+03 -2.4186842239e+03 5.7005910553e+01 -3.4110577002e+02 -2.4053791702e+02 1.0313141623e+01
4.0747754139e+04 -2.5506483020e+04 -7.0627526106e+02 3.5233766362e+02 -2.2558588695e+02 -6.0782204825e+00
-2.9254771964e+02 -1.5038897608e+02 -2.1861393718e+01 -2.6140290928e+02 1.4574617042e+02 -1.1152513742e+01