9.6460977999e+00 -1.7330045996e+02 1.3054611414e+01 -1.2190988536e+02 -3.3475416683e+01 -3.5344383285e+01
-7.5813136483e+04 4.7003796082e+04 -3.7444908043e+02 -3.4970796858e+02 2.1944179885e+02 -2.0522631217e+00
1.1011907734e+04 6.8171450915e+03 7.7620558814e+01 3.6272452494e+02 2.0623299348e+02 4.0412689739e-01
-2.6966006905e+02 -1.9177761815e+01 -2.7685542741e+01 -1.0242355199e+02 2.0710583297e+02 9.8235093140e+00
-3.1084439479e+02 -1.4934039865e+02 -3.6784535510e+01 -1.6930681702e+02 2.2072189348e+02 1.0051717387e+01
-2.9695916651e+02 -5.0031008180e+00 -1.4825338154e+01 -1.0353582286e+02 2.2664319129e+02 1.5713665310e+01
-2.7742315868e+02 -5.9294555812e+01 6.2955011379e-01 -1.1357530402e+02 2.2503243092e+02 -7.6710269605e+00
-2.5554389238e+02 -4.1853070252e+01 -4.0961121276e+01 -1.0414751247e+02 2.1815965622e+02 -2.0593418675e+00
-2.4894168121e+02 -1.2968132482e+02 2.5761755122e+01 -1.4651556454e+02 1.9962756357e+02 -7.9907585569e+00
8.6873932734e+04 -2.9461412535e+03 7.2329204457e+03 4.1856618422e+02 -1.6564201442e+01 3.4646758146e+01
-2.0528815707e+02 -1.7850724205e+02 1.1444141227e-01 -1.6996688007e+02 1.6016507296e+02 1.5731918826e+01
-2.6259686955e+04 -1.3237501068e+05 6.0234248828e+03 -8.2134040325e+01 -4.0645400854e+02 1.8696772531e+01
-5.7400631624e+04 -4.9389512601e+04 4.2974328280e+03 -3.1683371825e+02 -2.6902112962e+02 2.3698642086e+01
-2.6879365606e+02 -1.2563309739e+02 1.5105165614e+01 -1.4419236783e+02 2.1148350236e+02 1.3164583078e+01
-2.6229674461e+02 2.3284622514e+01 3.5545651961e+01 -6.2069519456e+01 2.2564412631e+02 -5.7705954455e+00
6.0311107610e+03 -4.4981052045e+04 5.1342461356e+02 5.0713324344e+01 -4.1232169662e+02 5.1492660634e+00
2.7732367922e+02 -3.7181676154e+02 1.5210333612e+01 -2.3729033682e+02 -3.1560805797e+02 -8.5467159406e+00
-2.9627100590e+02 -9.6910544583e+01 -2.4741567912e+01 -1.3022600073e+02 2.3016242368e+02 1.9924147893e+00
-2.2558360613e+02 1.3031405917e+01 1.0972941613e+01 -5.4055210471e+01 2.1051140345e+02 6.1974953208e+00
7.7300960844e+04 5.7884645466e+04 -3.2650861753e+03 3.3317561164e+02 2.4687841870e+02 -1.4122985740e+01
-3.2438462265e+02 -1.0394126422e+02 3.7033741445e+01 -1.3506164938e+02 2.3860515284e+02 6.1981369693e+00
-2.4353541019e+02 -7.2730823668e+01 -4.2342235608e+00 -1.0175317230e+02 1.9334723833e+02 -1.2526450399e+01
-3.2308861056e+02 -9.9463000414e+01 -4.4971949547e+01 -1.6436568203e+02 2.2454952180e+02 -7.0906512146e+00
1.2439923052e+04 -3.6718162752e+04 -2.0262974157e+03 1.2911727792e+02 -3.9682846008e+02 -2.2483078570e+01
-2.5594020708e+04 -1.4369365546e+04 7.7994599429e+02 -3.6650615168e+02 -1.9804140621e+02 1.1453407324e+01
3.6957582692e+04 -1.0257855508e+05 1.8166315995e+04 1.3847877272e+02 -3.8989506430e+02 6.9070235330e+01
-2.4920276467e+02 -3.8107051183e+01 -1.1442370153e+01 -1.1341580837e+02 2.0644521460e+02 -2.6162337069e+00
-3.3581143633e+02 -8.0248566751e+01 -1.3582284644e+01 -1.5722421614e+02 2.3496484647e+02 -9.6817515240e+00
-2.9714578191e+02 -5.1996102698e+01 3.1067078919e+01 -1.2751245498e+02 2.3327272760e+02 8.0543521349e-01
-2.5735092393e+04 -1.1407117454e+05 7.4662907659e+03 -9.1523625247e+01 -3.9813275184e+02 2.5850289814e+01
-3.1147832692e+02 -1.9572552448e+01 5.1184277783e+01 -1.0777196999e+02 2.2645836867e+02 -2.2046939735e+00
1.1794166279e+05 -2.5895056819e+04 1.8396165332e+03 4.0010268583e+02 -8.9539305325e+01 6.4074231379e+00
-2.8393298963e+02 -3.7328916957e+01 4.2988325225e+01 -1.1922247344e+02 2.1551853336e+02 -5.0847017768e-01
-2.7605354764e+02 -1.2661618806e+02 -2.2796788947e+01 -1.4293469629e+02 2.0446969696e+02 1.0172854985e+01
5.8143945780e+04 6.7509372529e+04 5.5137981771e+03 2.7087281467e+02 3.1104867196e+02 2.5372887131e+01
-2.9168305489e+02 -3.6933522569e+01 -3.8868076691e+01 -1.0805187069e+02 2.2567188104e+02 4.1311548666e+00
-2.6970250133e+02 2.7014365628e+01 4.6392691428e+01 -7.6942374351e+01 2.2447262055e+02 1.7817094540e+01
-3.3527678757e+02 -1.1807263949e+02 2.4929824916e+00 -1.5412904666e+02 2.2351387524e+02 8.0074761798e-01
-2.4928826107e+02 -6.8159147309e+01 4.6340570023e+01 -1.2170852499e+02 1.9962040917e+02 -9.0716640373e+00
-1.1428792548e+05 1.5487745998e+04 -4.5178355768e+03 -4.1159055804e+02 5.7578540150e+01 -1.6270038784e+01
-2.7780379098e+02 -5.2024158501e+01 -7.1798628333e+01 -1.1235854458e+02 2.2757930860e+02 5.4128117496e+00
-3.0571390386e+02 -7.3271296877e+01 8.2290517782e+00 -1.3328021985e+02 2.3959887005e+02 -1.0876181867e+01
-1.0119629527e+05 9.3660781029e+04 -2.5001655937e+03 -2.9986035967e+02 2.7953311626e+02 -7.2989320730e+00
-3.2578567909e+02 -5.9610190557e+01 -3.7486346297e+01 -1.4300807430e+02 2.3190162424e+02 -1.2032243275e+01
-5.8829207700e+04 1.6567754599e+04 2.9070971226e+03 -3.9453685853e+02 1.1449327801e+02 1.9240396427e+01
-1.2733519337e+02 1.2490121789e+02 -4.0007332444e+01 5.4653397755e+01 1.5961564676e+02 1.3144050556e+01
1.4805196575e+04 -8.6816326003e+03 -1.0174303163e+02 3.4445280011e+02 -2.1532167340e+02 -2.9408820584e+00
-2.8439307362e+02 -1.6231529472e+02 4.1278312186e+01 -1.6090273005e+02 2.0551057889e+02 -2.3653910218e+01
-2.7760922191e+02 -1.1539842399e+02 -4.0230213426e+01 -1.4396874585e+02 2.1737806288e+02 8.0679186288e+00
-2.2328687551e+02 -5.8409358614e+01 -3.6390226988e+01 -1.0841820219e+02 1.8993754777e+02 -1.1170141002e+01
-3.4053959133e+02 -1.3377187440e+02 2.3419881281e+01 -1.7474455461e+02 2.2477193784e+02 -1.6358488594e+00
-2.3886946687e+02 -9.0436924487e+01 1.6427031058e+01 -1.3314644891e+02 1.9988458490e+02 7.8158698925e+00
-1.6556450764e+04 -8.2537665336e+04 3.1184438540e+03 -8.4331663653e+01 -4.0810687190e+02 1.5404907375e+01
-2.1729470429e+01 2.9962048874e+02 -1.1517003221e+00 2.3622161942e+02 1.0090523046e+02 -1.0203110814e+01
-2.6312711109e+04 3.8875810102e+04 -1.5640138807e+03 -2.2526183541e+02 3.4040502948e+02 -1.3087389563e+01
-2.6289345052e+04 6.8289029492e+03 -3.1526984512e+03 -3.8861665720e+02 1.0849319965e+02 -4.7638897718e+01
-9.1365714180e+04 1.4277437761e+05 8.2699547852e+03 -2.2224911126e+02 3.4954820067e+02 2.0314230731e+01
-2.6869444012e+02 -6.4388810286e+01 3.4581605847e+01 -9.6534173192e+01 2.1017766848e+02 -2.8614472419e+00
-2.7768316506e+02 -1.0106786529e+02 -6.1150197800e+01 -1.4134033873e+02 2.2157684699e+02 2.1557766200e+01
-2.3245512518e+02 -8.8606946136e+01 -3.2892100385e+01 -1.1519222132e+02 1.8010577906e+02 -5.0647106964e+00
-3.2917910150e+04 1.0070380505e+05 1.2985394353e+04 -1.2577894511e+02 3.9093089892e+02 5.0439479066e+01
-2.1249962102e+02 -5.6358514514e+01 2.7442366176e+01 -9.7967126463e+01 2.0086573026e+02 -1.4332355977e+00
-3.7968447468e+02 3.9910974683e+01 4.5055166269e+01 -7.6174030004e+01 2.8230559752e+02 -6.8552475830e+00
-2.9306084213e+02 -9.3097942180e+01 4.9595683621e+01 -1.3027604180e+02 2.2709538521e+02 -1.1272155693e+01
-2.1997535280e+02 -7.6064813791e+01 -6.3893227056e+00 -1.0959007648e+02 1.9621550635e+02 2.5105157153e+00
-2.8833658341e+02 -9.0848787886e+00 1.7326962732e+01 -1.0377570363e+02 2.2420213650e+02 9.6232290639e+00
-2.7209377208e+02 5.0118624411e+01 1.6116526059e+01 -5.8997470540e+01 2.2197258224e+02 3.1902963822e+00
-2.9058247105e+02 4.3879287711e+01 -2.6115874135e+01 -6.5857399541e+01 2.4684656275e+02 1.3565377733e+01
-3.0284898334e+02 -1.3534153289e+02 -6.9368290968e-02 -1.5920406655e+02 2.2216992028e+02 -1.1986617786e+00
2.0008062477e+04 -3.3446819319e+04 1.7784601796e+03 2.0488697626e+02 -3.5222933768e+02 1.8470691038e+01
1.6622257329e+04 9.0753113835e+03 6.1865991706e+02 3.7331337815e+02 1.9154486296e+02 1.3649505593e+01
-3.1062604225e+02 -4.8790790626e+01 -7.4097890051e+00 -1.0956689653e+02 2.3950243887e+02 3.1493194081e+00
-2.6067989207e+02 -8.0168038705e+01 -2.3991118580e+01 -1.1201607709e+02 2.2655346684e+02 7.5860428473e+00
3.3065156401e+02 -5.8539756854e+01 6.2063326513e+01 3.2608597951e+01 -2.7986175017e+02 5.1339321112e+00
-3.1966684417e+02 -2.0643781831e+01 3.5130545428e+01 -1.2322782105e+02 2.1894491769e+02 -7.0099675939e-01
-3.5529961473e+02 -9.7218067886e+01 3.8494851272e+01 -1.6981701778e+02 2.2601600240e+02 7.2874240999e+00
-3.0203192728e+02 -5.7129731545e+01 -3.9453125910e+01 -1.1705079559e+02 2.3722304481e+02 -9.9727060676e+00
-2.7734702360e+02 -7.2906263825e+01 -2.6575580426e+01 -1.2598349985e+02 2.1975600250e+02 -2.8251126567e+00
-1.6344573930e+04 -3.5330222196e+04 -6.6447906542e+02 -1.7608311867e+02 -3.6827342861e+02 -6.8994382604e+00
-2.1215630982e+02 -4.7930026677e+01 -2.9393019487e+01 -1.0747883590e+02 1.8095716963e+02 -4.5262778189e-01
-2.6147727772e+02 -3.6286094202e+01 6.0625450370e+01 -1.1129161662e+02 1.9824506934e+02 -3.9660968452e+00
1.2404892733e+02 -2.3016339070e+01 6.5129786658e+01 1.0877701863e+01 -9.3218530430e+01 -5.8880352894e+00
-1.6427040865e+03 1.5119937538e+03 -1.3715930821e+02 -2.2396236083e+02 3.2560635178e+02 -2.2477156362e+01
-3.1574637411e+02 -8.0985481261e+01 3.6740514475e+01 -1.4126895654e+02 2.2025978750e+02 -6.3552252909e-01
-8.3024884901e+04 7.3308857709e+04 1.8165580718e+03 -3.0715510373e+02 2.7364138533e+02 6.8327410496e+00
-2.2442227319e+02 -6.5909129036e+01 2.4140395023e+01 -1.0237603606e+02 1.8337862717e+02 -2.3412629678e+00
-8.1877064340e+04 -1.0892660836e+05 8.0737605352e+03 -2.5069554882e+02 -3.3103762550e+02 2.4527880815e+01
-2.7089855139e+02 -7.9293407376e+01 -7.1426665210e+01 -1.2409194521e+02 2.0157803301e+02 -2.5037451642e+00
-1.0668641503e+04 -3.5278625584e+04 -2.2146044802e+03 -1.2405566974e+02 -3.9134491457e+02 -2.4328267265e+01
-2.4790760863e+02 -1.2320187148e+02 -1.6768289382e+01 -1.3093372567e+02 1.9150392792e+02 1.6870462410e+01
-2.6592169422e+02 3.1573714860e+01 -5.4159403411e+00 -6.0823338805e+01 2.2055048975e+02 -7.9208552133e+00
1.8185452072e+04 -2.9798586294e+04 -1.1276950779e+03 2.1062436511e+02 -3.5610834113e+02 -1.3285285777e+01
-2.8286164853e+02 -8.9443442759e+01 1.2009946669e+00 -1.2768103652e+02 2.0448123122e+02 -1.1275453584e+01
-3.2441445939e+02 -3.5850800277e+01 1.1771205425e+01 -1.2212059638e+02 2.4500852385e+02 5.9643975084e+00
1.6383755542e+04 9.9107384325e+03 6.6849566804e+02 3.4879552927e+02 1.9901334128e+02 1.3648833106e+01
6.7342802546e+03 -2.3558811247e+03 -4.1914553563e+01 3.8624250967e+02 -1.6579394607e+02 -2.6686782251e+00
-3.2079083213e+02 -9.3058162611e+01 1.7115531136e+01 -1.3349039203e+02 2.3509466904e+02 -1.0383613759e+01
-2.3228112391e+02 -4.7935984230e+01 7.1508485110e+01 -1.0531722430e+02 2.0245728622e+02 -4.3441832448e+00
-2.5531843866e+02 -6.2288857669e+01 -5.9647020020e+01 -1.1314610765e+02 2.0482219163e+02 1.4834483447e+01
-2.5929751115e+02 -1.1381968507e+01 9.6496071095e+00 -9.3775285007e+01 2.1079798161e+02 -8.2743444211e+00