1 51
0
1.9999999999e+01 2.4999999958e-05 2.0000000000e+01 -2.6051019025e-03 2.4999999874e+01 3.8594102320e-04 
1e-06
1.9999999995e+01 4.9999999665e-05 2.0000000001e+01 -5.2102037808e-03 2.4999999497e+01 7.7188204641e-04 
2e-06
1.9999999988e+01 7.4999998868e-05 2.0000000002e+01 -7.8153056104e-03 2.4999998868e+01 1.1578230696e-03 
3e-06
1.9999999979e+01 9.9999997316e-05 2.0000000003e+01 -1.0420407367e-02 2.4999997987e+01 1.5437640929e-03 
4e-06
1.9999999967e+01 1.2499999476e-04 2.0000000005e+01 -1.3025509027e-02 2.4999996855e+01 1.9297051162e-03 
5e-06
1.9999999953e+01 1.4999999094e-04 2.0000000007e+01 -1.5630610565e-02 2.4999995471e+01 2.3156461395e-03 
6e-06
1.9999999936e+01 1.7499998562e-04 2.0000000009e+01 -1.8235711957e-02 2.4999993836e+01 2.7015871628e-03 
7e-06
1.9999999917e+01 1.9999997853e-04 2.0000000012e+01 -2.0840813179e-02 2.4999991949e+01 3.0875281862e-03 
8e-06
1.9999999894e+01 2.2499996943e-04 2.0000000016e+01 -2.3445914207e-02 2.4999989810e+01 3.4734692097e-03 
9e-06
1.9999999870e+01 2.4999995807e-04 2.0000000019e+01 -2.6051015016e-02 2.4999987420e+01 3.8594102332e-03 
1e-05
1.9999999842e+01 2.7499994419e-04 2.0000000023e+01 -2.8656115582e-02 2.4999984778e+01 4.2453512569e-03 
1.1e-05
1.9999999812e+01 2.9999992754e-04 2.0000000028e+01 -3.1261215881e-02 2.4999981885e+01 4.6312922805e-03 
1.2e-05
1.9999999780e+01 3.2499990787e-04 2.0000000033e+01 -3.3866315888e-02 2.4999978740e+01 5.0172333043e-03 
1.3e-05
1.9999999745e+01 3.4999988494e-04 2.0000000038e+01 -3.6471415579e-02 2.4999975344e+01 5.4031743282e-03 
1.4e-05
1.9999999707e+01 3.7499985848e-04 2.0000000043e+01 -3.9076514930e-02 2.4999971696e+01 5.7891153522e-03 
1.5e-05
1.9999999667e+01 3.9999982824e-04 2.0000000049e+01 -4.1681613917e-02 2.4999967796e+01 6.1750563763e-03 
1.6e-05
1.9999999624e+01 4.2499979399e-04 2.0000000056e+01 -4.4286712514e-02 2.4999963645e+01 6.5609974005e-03 
1.7e-05
1.9999999578e+01 4.4999975545e-04 2.0000000063e+01 -4.6891810699e-02 2.4999959242e+01 6.9469384248e-03 
1.8e-05
1.9999999530e+01 4.7499971238e-04 2.0000000070e+01 -4.9496908446e-02 2.4999954587e+01 7.3328794493e-03 
1.9e-05
1.9999999479e+01 4.9999966454e-04 2.0000000077e+01 -5.2102005732e-02 2.4999949681e+01 7.7188204739e-03 
2e-05
1.9999999426e+01 5.2499961166e-04 2.0000000085e+01 -5.4707102531e-02 2.4999944523e+01 8.1047614987e-03 
2.1e-05
1.9999999370e+01 5.4999955350e-04 2.0000000093e+01 -5.7312198820e-02 2.4999939114e+01 8.4907025236e-03 
2.2e-05
1.9999999311e+01 5.7499948981e-04 2.0000000102e+01 -5.9917294575e-02 2.4999933453e+01 8.8766435487e-03 
2.3e-05
1.9999999250e+01 5.9999942032e-04 2.0000000111e+01 -6.2522389770e-02 2.4999927541e+01 9.2625845740e-03 
2.4e-05
1.9999999186e+01 6.2499934480e-04 2.0000000121e+01 -6.5127484383e-02 2.4999921377e+01 9.6485255994e-03 
2.5e-05
1.9999999119e+01 6.4999926299e-04 2.0000000130e+01 -6.7732578388e-02 2.4999914961e+01 1.0034466625e-02 
2.6e-05
1.9999999050e+01 6.7499917464e-04 2.0000000141e+01 -7.0337671761e-02 2.4999908294e+01 1.0420407651e-02 
2.7e-05
1.9999998979e+01 6.9999907950e-04 2.0000000151e+01 -7.2942764478e-02 2.4999901375e+01 1.0806348677e-02 
2.8e-05
1.9999998905e+01 7.2499897731e-04 2.0000000162e+01 -7.5547856515e-02 2.4999894204e+01 1.1192289703e-02 
2.9e-05
1.9999998828e+01 7.4999886782e-04 2.0000000174e+01 -7.8152947846e-02 2.4999886782e+01 1.1578230730e-02 
3e-05
1.9999998748e+01 7.7499875079e-04 2.0000000185e+01 -8.0758038449e-02 2.4999879109e+01 1.1964171756e-02 
3.1e-05
1.9999998666e+01 7.9999862596e-04 2.0000000198e+01 -8.3363128299e-02 2.4999871183e+01 1.2350112783e-02 
3.2e-05
1.9999998582e+01 8.2499849307e-04 2.0000000210e+01 -8.5968217371e-02 2.4999863007e+01 1.2736053810e-02 
3.3e-05
1.9999998494e+01 8.4999835189e-04 2.0000000223e+01 -8.8573305641e-02 2.4999854578e+01 1.3121994838e-02 
3.4e-05
1.9999998404e+01 8.7499820214e-04 2.0000000236e+01 -9.1178393085e-02 2.4999845898e+01 1.3507935865e-02 
3.5e-05
1.9999998312e+01 8.9999804360e-04 2.0000000250e+01 -9.3783479678e-02 2.4999836967e+01 1.3893876893e-02 
3.6e-05
1.9999998217e+01 9.2499787599e-04 2.0000000264e+01 -9.6388565397e-02 2.4999827783e+01 1.4279817921e-02 
3.7e-05
1.9999998119e+01 9.4999769908e-04 2.0000000279e+01 -9.8993650216e-02 2.4999818349e+01 1.4665758950e-02 
3.8e-05
1.9999998019e+01 9.7499751261e-04 2.0000000294e+01 -1.0159873411e-01 2.4999808662e+01 1.5051699978e-02 
3.9e-05
1.9999997916e+01 9.9999731632e-04 2.0000000309e+01 -1.0420381706e-01 2.4999798724e+01 1.5437641007e-02 
4e-05
1.9999997810e+01 1.0249971100e-03 2.0000000324e+01 -1.0680889904e-01 2.4999788535e+01 1.5823582037e-02 
4.1e-05
1.9999997702e+01 1.0499968933e-03 2.0000000340e+01 -1.0941398002e-01 2.4999778093e+01 1.6209523066e-02 
4.2e-05
1.9999997592e+01 1.0749966661e-03 2.0000000357e+01 -1.1201905998e-01 2.4999767401e+01 1.6595464096e-02 
4.3e-05
1.9999997478e+01 1.0999964280e-03 2.0000000374e+01 -1.1462413889e-01 2.4999756456e+01 1.6981405127e-02 
4.4e-05
1.9999997362e+01 1.1249961789e-03 2.0000000391e+01 -1.1722921674e-01 2.4999745260e+01 1.7367346157e-02 
4.5e-05
1.9999997244e+01 1.1499959185e-03 2.0000000408e+01 -1.1983429349e-01 2.4999733813e+01 1.7753287188e-02 
4.6e-05
1.9999997123e+01 1.1749956464e-03 2.0000000426e+01 -1.2243936912e-01 2.4999722114e+01 1.8139228219e-02 
4.7e-05
1.9999996999e+01 1.1999953626e-03 2.0000000445e+01 -1.2504444361e-01 2.4999710163e+01 1.8525169251e-02 
4.8e-05
1.9999996873e+01 1.2249950667e-03 2.0000000463e+01 -1.2764951694e-01 2.4999697961e+01 1.8911110283e-02 
4.9e-05
1.9999996744e+01 1.2499947584e-03 2.0000000482e+01 -1.3025458907e-01 2.4999685507e+01 1.9297051315e-02 
5e-05
1.9999996612e+01 1.2749944376e-03 2.0000000502e+01 -1.3285965999e-01 2.4999672801e+01 1.9682992348e-02 
