1 51
0
2.0000000001e+01 2.4999999958e-05 2.0000000000e+01 2.6051019026e-03 2.4999999874e+01 -3.8594102320e-04 
1e-06
2.0000000005e+01 4.9999999665e-05 1.9999999999e+01 5.2102037809e-03 2.4999999498e+01 -7.7188204639e-04 
2e-06
2.0000000012e+01 7.4999998870e-05 1.9999999998e+01 7.8153056109e-03 2.4999998870e+01 -1.1578230696e-03 
3e-06
2.0000000021e+01 9.9999997321e-05 1.9999999997e+01 1.0420407368e-02 2.4999997991e+01 -1.5437640927e-03 
4e-06
2.0000000033e+01 1.2499999477e-04 1.9999999995e+01 1.3025509029e-02 2.4999996861e+01 -1.9297051158e-03 
5e-06
2.0000000047e+01 1.4999999096e-04 1.9999999993e+01 1.5630610568e-02 2.4999995480e+01 -2.3156461389e-03 
6e-06
2.0000000064e+01 1.7499998564e-04 1.9999999991e+01 1.8235711963e-02 2.4999993848e+01 -2.7015871620e-03 
7e-06
2.0000000083e+01 1.9999997857e-04 1.9999999988e+01 2.0840813187e-02 2.4999991964e+01 -3.0875281850e-03 
8e-06
2.0000000106e+01 2.2499996949e-04 1.9999999984e+01 2.3445914219e-02 2.4999989830e+01 -3.4734692079e-03 
9e-06
2.0000000130e+01 2.4999995815e-04 1.9999999981e+01 2.6051015032e-02 2.4999987444e+01 -3.8594102308e-03 
1e-05
2.0000000158e+01 2.7499994429e-04 1.9999999977e+01 2.8656115603e-02 2.4999984808e+01 -4.2453512535e-03 
1.1e-05
2.0000000188e+01 2.9999992768e-04 1.9999999972e+01 3.1261215909e-02 2.4999981920e+01 -4.6312922763e-03 
1.2e-05
2.0000000220e+01 3.2499990805e-04 1.9999999967e+01 3.3866315923e-02 2.4999978781e+01 -5.0172332989e-03 
1.3e-05
2.0000000255e+01 3.4999988516e-04 1.9999999962e+01 3.6471415623e-02 2.4999975391e+01 -5.4031743214e-03 
1.4e-05
2.0000000293e+01 3.7499985875e-04 1.9999999957e+01 3.9076514985e-02 2.4999971750e+01 -5.7891153438e-03 
1.5e-05
2.0000000333e+01 3.9999982857e-04 1.9999999951e+01 4.1681613983e-02 2.4999967858e+01 -6.1750563661e-03 
1.6e-05
2.0000000376e+01 4.2499979438e-04 1.9999999944e+01 4.4286712594e-02 2.4999963714e+01 -6.5609973883e-03 
1.7e-05
2.0000000422e+01 4.4999975592e-04 1.9999999937e+01 4.6891810793e-02 2.4999959320e+01 -6.9469384104e-03 
1.8e-05
2.0000000470e+01 4.7499971294e-04 1.9999999930e+01 4.9496908557e-02 2.4999954674e+01 -7.3328794323e-03 
1.9e-05
2.0000000521e+01 4.9999966518e-04 1.9999999923e+01 5.2102005861e-02 2.4999949777e+01 -7.7188204541e-03 
2e-05
2.0000000574e+01 5.2499961241e-04 1.9999999915e+01 5.4707102680e-02 2.4999944630e+01 -8.1047614757e-03 
2.1e-05
2.0000000630e+01 5.4999955436e-04 1.9999999907e+01 5.7312198992e-02 2.4999939231e+01 -8.4907024972e-03 
2.2e-05
2.0000000689e+01 5.7499949079e-04 1.9999999898e+01 5.9917294771e-02 2.4999933581e+01 -8.8766435185e-03 
2.3e-05
2.0000000750e+01 5.9999942144e-04 1.9999999889e+01 6.2522389993e-02 2.4999927680e+01 -9.2625845396e-03 
2.4e-05
2.0000000814e+01 6.2499934606e-04 1.9999999879e+01 6.5127484635e-02 2.4999921527e+01 -9.6485255606e-03 
2.5e-05
2.0000000881e+01 6.4999926441e-04 1.9999999870e+01 6.7732578671e-02 2.4999915124e+01 -1.0034466581e-02 
2.6e-05
2.0000000950e+01 6.7499917623e-04 1.9999999859e+01 7.0337672079e-02 2.4999908469e+01 -1.0420407602e-02 
2.7e-05
2.0000001021e+01 6.9999908126e-04 1.9999999849e+01 7.2942764832e-02 2.4999901564e+01 -1.0806348622e-02 
2.8e-05
2.0000001095e+01 7.2499897927e-04 1.9999999838e+01 7.5547856908e-02 2.4999894407e+01 -1.1192289643e-02 
2.9e-05
2.0000001172e+01 7.4999886999e-04 1.9999999826e+01 7.8152948282e-02 2.4999886999e+01 -1.1578230662e-02 
3e-05
2.0000001252e+01 7.7499875318e-04 1.9999999815e+01 8.0758038930e-02 2.4999879340e+01 -1.1964171682e-02 
3.1e-05
2.0000001334e+01 7.9999862859e-04 1.9999999802e+01 8.3363128828e-02 2.4999871430e+01 -1.2350112702e-02 
3.2e-05
2.0000001418e+01 8.2499849596e-04 1.9999999790e+01 8.5968217951e-02 2.4999863269e+01 -1.2736053721e-02 
3.3e-05
2.0000001506e+01 8.4999835505e-04 1.9999999777e+01 8.8573306275e-02 2.4999854857e+01 -1.3121994740e-02 
3.4e-05
2.0000001596e+01 8.7499820559e-04 1.9999999764e+01 9.1178393777e-02 2.4999846194e+01 -1.3507935759e-02 
3.5e-05
2.0000001688e+01 8.9999804735e-04 1.9999999750e+01 9.3783480431e-02 2.4999837279e+01 -1.3893876777e-02 
3.6e-05
2.0000001783e+01 9.2499788007e-04 1.9999999736e+01 9.6388566214e-02 2.4999828114e+01 -1.4279817796e-02 
3.7e-05
2.0000001881e+01 9.4999770349e-04 1.9999999721e+01 9.8993651102e-02 2.4999818697e+01 -1.4665758813e-02 
3.8e-05
2.0000001981e+01 9.7499751738e-04 1.9999999706e+01 1.0159873507e-01 2.4999809029e+01 -1.5051699831e-02 
3.9e-05
2.0000002084e+01 9.9999732147e-04 1.9999999691e+01 1.0420381809e-01 2.4999799110e+01 -1.5437640849e-02 
4e-05
2.0000002190e+01 1.0249971155e-03 1.9999999676e+01 1.0680890015e-01 2.4999788940e+01 -1.5823581866e-02 
4.1e-05
2.0000002298e+01 1.0499968993e-03 1.9999999660e+01 1.0941398121e-01 2.4999778519e+01 -1.6209522882e-02 
4.2e-05
2.0000002408e+01 1.0749966725e-03 1.9999999643e+01 1.1201906126e-01 2.4999767847e+01 -1.6595463899e-02 
4.3e-05
2.0000002522e+01 1.0999964349e-03 1.9999999626e+01 1.1462414027e-01 2.4999756923e+01 -1.6981404915e-02 
4.4e-05
2.0000002638e+01 1.1249961862e-03 1.9999999609e+01 1.1722921821e-01 2.4999745749e+01 -1.7367345931e-02 
4.5e-05
2.0000002756e+01 1.1499959263e-03 1.9999999592e+01 1.1983429506e-01 2.4999734323e+01 -1.7753286946e-02 
4.6e-05
2.0000002877e+01 1.1749956548e-03 1.9999999574e+01 1.2243937080e-01 2.4999722646e+01 -1.8139227962e-02 
4.7e-05
2.0000003001e+01 1.1999953715e-03 1.9999999555e+01 1.2504444540e-01 2.4999710719e+01 -1.8525168976e-02 
4.8e-05
2.0000003127e+01 1.2249950761e-03 1.9999999537e+01 1.2764951884e-01 2.4999698540e+01 -1.8911109991e-02 
4.9e-05
2.0000003256e+01 1.2499947685e-03 1.9999999518e+01 1.3025459109e-01 2.4999686110e+01 -1.9297051005e-02 
5e-05
2.0000003388e+01 1.2749944483e-03 1.9999999498e+01 1.3285966213e-01 2.4999673429e+01 -1.9682992019e-02 
