2 301
0
2.0000000000e+01 0.0000000000e+00 2.0000000000e+01 0.0000000000e+00 2.5000000000e+01 0.0000000000e+00 
2.5000000000e+01 2.5000000000e+01 0.0000000000e+00 0.0000000000e+00 4.0000000000e+01 5.0000000000e+00 
0.166667
-1.1299333161e+03 -3.6709070775e+02 2.0758884833e+01 -3.5340890631e+04 1.1090135679e+05 -1.2802131426e+00 
-1.1249333161e+03 -3.4209070775e+02 7.5888483349e-01 -3.5340890631e+04 1.1091635679e+05 3.7197868574e+00 
0.333333
-2.7983378180e+06 -1.7471368290e+06 2.1129155932e+01 -1.6839796566e+08 2.6972024750e+08 -4.4552953914e+00 
-2.7983328180e+06 -1.7471118290e+06 1.1291559319e+00 -1.6839796566e+08 2.6972026250e+08 5.4470460858e-01 
0.5
-6.2274249333e+09 -6.5126646101e+09 2.0922717492e+01 -6.2772416787e+11 6.0023130047e+11 -7.9018889614e+00 
-6.2274249283e+09 -6.5126645851e+09 9.2271749235e-01 -6.2772416787e+11 6.0023130048e+11 -2.9018889614e+00 
0.666667
-1.2087188050e+13 -2.1439814266e+13 2.0246022576e+01 -2.0664797557e+15 1.1650254567e+15 -9.8613808657e+00 
-1.2087188050e+13 -2.1439814266e+13 2.4602257597e-01 -2.0664797557e+15 1.1650254567e+15 -4.8613808657e+00 
0.833333
-1.7522744189e+16 -6.4902328102e+16 1.9445184667e+01 -6.2556207555e+18 1.6889323611e+18 -9.3372228335e+00 
-1.7522744189e+16 -6.4902328102e+16 -5.5481533282e-01 -6.2556207555e+18 1.6889323611e+18 -4.3372228335e+00 
1
-2.5783924745e+18 -1.8360378942e+20 1.8928950518e+01 -1.7696679141e+22 2.4851875042e+20 -6.6017391811e+00 
-2.5783924745e+18 -1.8360378942e+20 -1.0710494822e+00 -1.7696679141e+22 2.4851875042e+20 -1.6017391811e+00 
1.16667
1.1708110278e+23 -4.8768853284e+23 1.8960077728e+01 -4.7005933338e+25 -1.1284879881e+25 -3.0546846536e+00 
1.1708110278e+23 -4.8768853284e+23 -1.0399222719e+00 -4.7005933338e+25 -1.1284879881e+25 1.9453153464e+00 
1.33333
6.3899893883e+26 -1.2117643709e+27 1.9521596223e+01 -1.1679609300e+29 -6.1590009809e+28 -5.0699415516e-01 
6.3899893883e+26 -1.2117643709e+27 -4.7840377735e-01 -1.1679609300e+29 -6.1590009809e+28 4.4930058448e+00 
1.5
2.5090153104e+30 -2.7759757200e+30 2.0326022782e+01 -2.6756284156e+32 -2.4183182192e+32 -2.5622328718e-01 
2.5090153104e+30 -2.7759757200e+30 3.2602278178e-01 -2.6756284156e+32 -2.4183182192e+32 4.7437767128e+00 
1.66667
8.5140431938e+33 -5.6540265591e+33 2.0962543092e+01 -5.4496420898e+35 -8.2062734687e+35 -2.4257034828e+00 
8.5140431938e+33 -5.6540265591e+33 9.6254309194e-01 -5.4496420898e+35 -8.2062734687e+35 2.5742965172e+00 
1.83333
2.6349951296e+37 -9.2189264732e+36 2.1106809945e+01 -8.8856762886e+38 -2.5397440593e+39 -5.9039754347e+00 
2.6349951296e+37 -9.2189264732e+36 1.1068099454e+00 -8.8856762886e+38 -2.5397440593e+39 -9.0397543474e-01 
2
7.5962451878e+40 -6.6176322384e+39 2.0686216768e+01 -6.3784148879e+41 -7.3216524661e+42 -8.9141971628e+00 
7.5962451878e+40 -6.6176322384e+39 6.8621676823e-01 -6.3784148879e+41 -7.3216524661e+42 -3.9141971628e+00 
2.16667
2.0551754381e+44 3.3748372983e+43 1.9916431051e+01 3.2528420578e+45 -1.9808839687e+46 -9.9218203673e+00 
2.0551754381e+44 3.3748372983e+43 -8.3568949281e-02 3.2528420578e+45 -1.9808839687e+46 -4.9218203673e+00 
2.33333
5.2117299330e+47 2.2801655581e+47 1.9190809298e+01 2.1977410377e+49 -5.0233338147e+49 -8.4168638024e+00 
5.2117299330e+47 2.2801655581e+47 -8.0919070182e-01 2.1977410377e+49 -5.0233338147e+49 -3.4168638024e+00 
2.5
1.2255234668e+51 9.5521148770e+50 1.8879395389e+01 9.2068204379e+52 -1.1812226556e+53 -5.1720045325e+00 
1.2255234668e+51 9.5521148770e+50 -1.1206046111e+00 9.2068204379e+52 -1.1812226556e+53 -1.7200453249e-01 
2.66667
2.5989955558e+54 3.3552279094e+54 1.9140211613e+01 3.2339415184e+56 -2.5050458154e+56 -1.8458835877e+00 
2.5989955558e+54 3.3552279094e+54 -8.5978838714e-01 3.2339415184e+56 -2.5050458154e+56 3.1541164123e+00 
2.83333
4.6145406512e+57 1.0634298700e+58 1.9839076313e+01 1.0249884960e+60 -4.4477320181e+59 -1.3528243998e-01 
4.6145406512e+57 1.0634298700e+58 -1.6092368685e-01 1.0249884960e+60 -4.4477320181e+59 4.8647175600e+00 
3
5.0368357010e+60 3.1260182571e+61 2.0618631712e+01 3.0130174468e+63 -4.8547617435e+62 -9.0953651020e-01 
5.0368357010e+60 3.1260182571e+61 6.1863171202e-01 3.0130174468e+63 -4.8547617435e+62 4.0904634898e+00 
3.16667
-7.7648861729e+63 8.6136184761e+64 2.1081073763e+01 8.3022492558e+66 7.4841973359e+65 -3.7687477193e+00 
-7.7648861729e+63 8.6136184761e+64 1.0810737633e+00 8.3022492558e+66 7.4841973359e+65 1.2312522807e+00 
3.33333
-7.8680689787e+67 2.2273853151e+68 2.0991148532e+01 2.1468687203e+70 7.5836502400e+69 -7.2503014014e+00 
-7.8680689787e+67 2.2273853151e+68 9.9114853169e-01 2.1468687203e+70 7.5836502400e+69 -2.2503014014e+00 
3.5
-3.5856160222e+71 5.3642952295e+71 2.0395828336e+01 5.1703841076e+73 3.4560014511e+73 -9.5770516026e+00 
-3.5856160222e+71 5.3642952295e+71 3.9582833552e-01 5.1703841076e+73 3.4560014511e+73 -4.5770516026e+00 
3.66667
-1.3110240553e+75 1.1778046920e+75 1.9599788399e+01 1.1352288420e+77 1.2636325277e+77 -9.5644522652e+00 
-1.3110240553e+75 1.1778046920e+75 -4.0021160062e-01 1.1352288420e+77 1.2636325277e+77 -4.5644522652e+00 
3.83333
-4.2647623485e+78 2.2325763003e+78 1.9009480910e+01 2.1518720593e+80 4.1105976696e+80 -7.2235990069e+00 
-4.2647623485e+78 2.2325763003e+78 -9.9051908987e-01 2.1518720593e+80 4.1105976696e+80 -2.2235990069e+00 
4
-1.2794306260e+82 3.0309289383e+81 1.8925604909e+01 2.9213654624e+83 1.2331811528e+84 -3.7531831247e+00 
-1.2794306260e+82 3.0309289383e+81 -1.0743950909e+00 2.9213654624e+83 1.2331811528e+84 1.2468168753e+00 
4.16667
-3.5908422130e+85 -6.1223248618e+83 1.9389933936e+01 -5.9010121205e+85 3.4610387230e+87 -9.2568159836e-01 
-3.5908422130e+85 -6.1223248618e+83 -6.1006606441e-01 -5.9010121205e+85 3.4610387230e+87 4.0743184016e+00 
4.33333
-9.4626505232e+88 -2.5853282815e+88 2.0164524543e+01 -2.4918725923e+90 9.1205900845e+90 -1.8209008508e-01 
-9.4626505232e+88 -2.5853282815e+88 1.6452454266e-01 -2.4918725923e+90 9.1205900845e+90 4.8179099149e+00 
4.5
-2.3300307214e+92 -1.3228538797e+92 2.0853646999e+01 -1.2750347219e+94 2.2458036511e+94 -1.8975477635e+00 
-2.3300307214e+92 -1.3228538797e+92 8.5364699901e-01 -1.2750347219e+94 2.2458036511e+94 3.1024522365e+00 
4.66667
-5.2742168492e+95 -5.0736547327e+95 2.1105957767e+01 -4.8902498231e+97 5.0835619239e+97 -5.1921100020e+00 
-5.2742168492e+95 -5.0736547327e+95 1.1059577673e+00 -4.8902498231e+97 5.0835619239e+97 -1.9211000195e-01 
4.83333
-1.0535428350e+99 -1.6987878282e+99 2.0793627560e+01 -1.6373792294e+101 1.0154588623e+101 -8.3821037268e+00 
-1.0535428350e+99 -1.6987878282e+99 7.9362756017e-01 -1.6373792294e+101 1.0154588623e+101 -3.3821037268e+00 
5
-1.6420063191e+102 -5.2072075431e+102 2.0077099629e+01 -5.0189749024e+104 1.5826502856e+104 -9.8405554047e+00 
-1.6420063191e+102 -5.2072075431e+102 7.7099628893e-02 -5.0189749024e+104 1.5826502856e+104 -4.8405554047e+00 
5.16667
-8.3184229780e+104 -1.4890150917e+106 1.9322674021e+01 -1.4351894585e+108 8.0177246265e+106 -8.8269799608e+00 
-8.3184229780e+104 -1.4890150917e+106 -6.7732597920e-01 -1.4351894585e+108 8.0177246265e+106 -3.8269799608e+00 
5.33333
7.8469922788e+108 -3.9971485692e+109 1.8915250935e+01 -3.8526577218e+111 -7.5633354308e+110 -5.8633251865e+00 
7.8469922788e+108 -3.9971485692e+109 -1.0847490652e+00 -3.8526577218e+111 -7.5633354308e+110 -8.6332518647e-01 
5.5
4.7743659771e+112 -1.0049791929e+113 1.9061960059e+01 -9.6865072202e+114 -4.6017799013e+114 -2.4652121243e+00 
4.7743659771e+112 -1.0049791929e+113 -9.3803994132e-01 -9.6865072202e+114 -4.6017799013e+114 2.5347878757e+00 
5.66667
1.9418550314e+116 -2.3377031688e+116 1.9686860686e+01 -2.2531987512e+118 -1.8716599225e+118 -3.6684957069e-01 
1.9418550314e+116 -2.3377031688e+116 -3.1313931409e-01 -2.2531987512e+118 -1.8716599225e+118 4.6331504293e+00 
5.83333
6.7171575131e+119 -4.8767894960e+119 2.0470243217e+01 -4.7005009656e+121 -6.4743424752e+121 -6.3599616521e-01 
6.7171575131e+119 -4.8767894960e+119 4.7024321740e-01 -4.7005009656e+121 -6.4743424752e+121 4.3640038348e+00 
6
2.1069571361e+123 -8.3744267244e+122 2.1012196173e+01 -8.0717039225e+124 -2.0307938370e+125 -3.1306380336e+00 
2.1069571361e+123 -8.3744267244e+122 1.0121961727e+00 -8.0717039225e+124 -2.0307938370e+125 1.8693619664e+00 
6.16667
6.1416832810e+126 -7.9459500135e+125 2.1036756893e+01 -7.6587159937e+127 -5.9196707622e+128 -6.5738430110e+00 
6.1416832810e+126 -7.9459500135e+125 1.0367568930e+00 -7.6587159937e+127 -5.9196707622e+128 -1.5738430110e+00 
6.33333
1.6791572719e+130 2.0416541889e+129 2.0532429815e+01 1.9678514921e+131 -1.6184582879e+132 -9.2073753493e+00 
1.6791572719e+130 2.0416541889e+129 5.3242981467e-01 1.9678514921e+131 -1.6184582879e+132 -4.2073753493e+00 
6.5
4.3064838807e+133 1.6735521926e+133 1.9757522417e+01 1.6130558236e+135 -4.1508110318e+135 -9.6895138456e+00 
4.3064838807e+133 1.6735521926e+133 -2.4247758286e-01 1.6130558236e+135 -4.1508110318e+135 -4.6895138456e+00 
6.66667
1.0268672773e+137 7.3356697489e+136 1.9107846828e+01 7.0704964335e+138 -9.8974758549e+138 -7.7786184368e+00 
1.0268672773e+137 7.3356697489e+136 -8.9215317196e-01 7.0704964335e+138 -9.8974758549e+138 -2.7786184368e+00 
6.83333
2.2227847682e+140 2.6345325878e+140 1.8914545793e+01 2.5392982377e+142 -2.1424344762e+142 -4.4541927322e+00 
2.2227847682e+140 2.6345325878e+140 -1.0854542067e+00 2.5392982377e+142 -2.1424344762e+142 5.4580726778e-01 
7
4.1051773679e+143 8.4729306931e+143 1.9275309313e+01 8.1666471224e+145 -3.9567814436e+145 -1.4148123953e+00 
4.1051773679e+143 8.4729306931e+143 -7.2469068698e-01 8.1666471224e+145 -3.9567814436e+145 3.5851876047e+00 
7.16667
5.1472954796e+146 2.5195893801e+147 2.0005009921e+01 2.4285100523e+149 -4.9612285689e+148 -2.1026446301e-01 
5.1472954796e+146 2.5195893801e+147 5.0099210619e-03 2.4285100523e+149 -4.9612285689e+148 4.7897355370e+00 
7.33333
-3.3800319006e+149 7.0160232008e+150 2.0730698699e+01 6.7624046224e+152 3.2578488831e+151 -1.4513142366e+00 
-3.3800319006e+149 7.0160232008e+150 7.3069869879e-01 6.7624046224e+152 3.2578488831e+151 3.5486857634e+00 
7.5
-5.6293787500e+153 1.8341372679e+154 2.1082217444e+01 1.7678359925e+156 5.4258852616e+155 -4.5000344104e+00 
-5.6293787500e+153 1.8341372679e+154 1.0822174442e+00 1.7678359925e+156 5.4258852616e+155 4.9996558963e-01 
7.66667
-2.7277123214e+157 4.4745547772e+157 2.0881006906e+01 4.3128064208e+159 2.6291096655e+159 -7.7976971935e+00 
-2.7277123214e+157 4.4745547772e+157 8.8100690582e-01 4.3128064208e+159 2.6291096655e+159 -2.7976971935e+00 
7.83333
-1.0239163327e+161 1.0002107864e+161 2.0230805588e+01 9.6405468623e+162 9.8690331306e+162 -9.6617026686e+00 
-1.0239163327e+161 1.0002107864e+161 2.3080558813e-01 9.6405468623e+162 9.8690331306e+162 -4.6617026686e+00 
8
-3.3850179243e+164 1.9562895404e+164 1.9464170428e+01 1.8855726459e+166 3.2626546696e+166 -9.1441025240e+00 
-3.3850179243e+164 1.9562895404e+164 -5.3582957202e-01 1.8855726459e+166 3.2626546696e+166 -4.1441025240e+00 
8.16667
-1.0279413161e+168 2.8933715606e+167 1.8972386329e+01 2.7887805749e+169 9.9078279935e+169 -6.5136723088e+00 
-1.0279413161e+168 2.8933715606e+167 -1.0276136707e+00 2.7887805749e+169 9.9078279935e+169 -1.5136723088e+00 
8.33333
-2.9159364103e+171 7.2087192778e+169 1.9005758643e+01 6.9481350290e+171 2.8105297396e+173 -3.1163835396e+00 
-2.9159364103e+171 7.2087192778e+169 -9.9424135698e-01 6.9481350290e+171 2.8105297396e+173 1.8836164604e+00 
8.5
-7.7663261713e+174 -1.7770308077e+174 1.9546216406e+01 -1.7127938440e+176 7.4855852805e+176 -6.8668794743e-01 
-7.7663261713e+174 -1.7770308077e+174 -4.5378359376e-01 -1.7127938440e+176 7.4855852805e+176 4.3133120526e+00 
8.66667
-1.9356086577e+178 -9.9444307427e+177 2.0317065770e+01 -9.5849546811e+179 1.8656393457e+180 -4.6201658134e-01 
-1.9356086577e+178 -9.9444307427e+177 3.1706577013e-01 -9.5849546811e+179 1.8656393457e+180 4.5379834187e+00 
8.83333
-4.4519193367e+181 -3.9382655317e+181 2.0924644775e+01 -3.7959032166e+183 4.2909892170e+183 -2.5525711963e+00 
-4.4519193367e+181 -3.9382655317e+181 9.2464477514e-01 -3.7959032166e+183 4.2909892170e+183 2.4474288037e+00 
9
-9.1252537817e+184 -1.3427887616e+185 2.1059359616e+01 -1.2942489881e+187 8.7953897226e+186 -5.8873612001e+00 
-9.1252537817e+184 -1.3427887616e+185 1.0593596165e+00 -1.2942489881e+187 8.7953897226e+186 -8.8736120015e-01 
9.16667
-1.5090187780e+188 -4.1698104581e+188 2.0653437404e+01 -4.0190781457e+190 1.4544700420e+190 -8.7628620849e+00 
-1.5090187780e+188 -4.1698104581e+188 6.5343740441e-01 -4.0190781457e+190 1.4544700420e+190 -3.7628620849e+00 
9.33333
-1.1799505802e+191 -1.2054700558e+192 1.9915013780e+01 -1.1618941449e+194 1.1372971596e+193 -9.7132277499e+00 
-1.1799505802e+191 -1.2054700558e+192 -8.4986219536e-02 -1.1618941449e+194 1.1372971596e+193 -4.7132277499e+00 
9.5
5.0121363294e+194 -3.2701753642e+195 1.9221414464e+01 -3.1519634936e+197 -4.8309552167e+196 -8.2575288181e+00 
5.0121363294e+194 -3.2701753642e+195 -7.7858553573e-01 -3.1519634936e+197 -4.8309552167e+196 -3.2575288181e+00 
9.66667
3.5334585729e+198 -8.3170055609e+198 1.8926347708e+01 -8.0163584469e+200 -3.4057294143e+200 -5.1431039725e+00 
3.5334585729e+198 -8.3170055609e+198 -1.0736522916e+00 -8.0163584469e+200 -3.4057294143e+200 -1.4310397251e-01 
9.83333
1.4964836841e+202 -1.9628253871e+202 1.9179528576e+01 -1.8918722318e+204 -1.4423880727e+204 -1.9618990051e+00 
1.4964836841e+202 -1.9628253871e+202 -8.2047142358e-01 -1.8918722318e+204 -1.4423880727e+204 3.0381009949e+00 
10
5.2853955740e+205 -4.1851513604e+205 1.9850717990e+01 -4.0338644977e+207 -5.0943365547e+207 -3.3674637077e-01 
5.2853955740e+205 -4.1851513604e+205 -1.4928201013e-01 -4.0338644977e+207 -5.0943365547e+207 4.6632536292e+00 
10.1667
1.6813339696e+209 -7.5100791765e+208 2.0596715039e+01 -7.2386012252e+210 -1.6205563013e+211 -1.0935137869e+00 
1.6813339696e+209 -7.5100791765e+208 5.9671503892e-01 -7.2386012252e+210 -1.6205563013e+211 3.9064862131e+00 
10.3333
4.9568456903e+212 -8.5305875806e+211 2.1036845180e+01 -8.2222198011e+213 -4.7776632502e+214 -3.8414283686e+00 
4.9568456903e+212 -8.5305875806e+211 1.0368451797e+00 -8.2222198011e+213 -4.7776632502e+214 1.1585716314e+00 
10.5
1.3695089384e+216 1.0873266919e+215 2.0947213102e+01 1.0480214841e+217 -1.3200032711e+218 -7.1748339127e+00 
1.3695089384e+216 1.0873266919e+215 9.4721310246e-01 1.0480214841e+217 -1.3200032711e+218 -2.1748339127e+00 
10.6667
3.5513332877e+219 1.2120012577e+219 2.0374596476e+01 1.1681892538e+221 -3.4229579853e+221 -9.3922268188e+00 
3.5513332877e+219 1.2120012577e+219 3.7459647559e-01 1.1681892538e+221 -3.4229579853e+221 -4.3922268188e+00 
10.8333
8.5814764064e+222 5.6044570226e+222 1.9612044946e+01 5.4018644167e+224 -8.2712690732e+224 -9.3647656167e+00 
8.5814764064e+222 5.6044570226e+222 -3.8795505427e-01 5.4018644167e+224 -8.2712690732e+224 -4.3647656167e+00 
11
1.8930617557e+226 2.0624676198e+226 1.9048907092e+01 1.9879125491e+228 -1.8246304496e+228 -7.1109382127e+00 
1.8930617557e+226 2.0624676198e+226 -9.5109290807e-01 1.9879125491e+228 -1.8246304496e+228 -2.1109382127e+00 
11.1667
3.6185508802e+229 6.7363185355e+229 1.8972035621e+01 6.4928108557e+231 -3.4877457640e+231 -3.7848415859e+00 
3.6185508802e+229 6.7363185355e+229 -1.0279643787e+00 6.4928108557e+231 -3.4877457640e+231 1.2151584141e+00 
11.3333
5.0312859148e+232 2.0271160373e+233 1.9419671381e+01 1.9538388726e+235 -4.8494125737e+234 -1.0852226374e+00 
5.0312859148e+232 2.0271160373e+233 -5.8032861901e-01 1.9538388726e+235 -4.8494125737e+234 3.9147773626e+00 
11.5
-3.6361067337e+234 5.7047534076e+236 2.0162433279e+01 5.4985352398e+238 3.5046670001e+236 -3.8787827137e-01 
-3.6361067337e+234 5.7047534076e+236 1.6243327941e-01 5.4985352398e+238 3.5046670001e+236 4.6121217286e+00 
11.6667
-3.9461022782e+239 1.5074367658e+240 2.0820857282e+01 1.4529452172e+242 3.8034566766e+241 -2.0445204097e+00 
-3.9461022782e+239 1.5074367658e+240 8.2085728160e-01 1.4529452172e+242 3.8034566766e+241 2.9554795903e+00 
11.8333
-2.0617210433e+243 3.7234650775e+243 2.1059256553e+01 3.5888674724e+245 1.9871929602e+245 -5.2054152908e+00 
-2.0617210433e+243 3.7234650775e+243 1.0592565529e+00 3.5888674724e+245 1.9871929602e+245 -2.0541529080e-01 
12
-7.9695940032e+246 8.4636265461e+246 2.0756864411e+01 8.1576793063e+248 7.6815052892e+248 -8.2552215412e+00 
-7.9695940032e+246 8.4636265461e+246 7.5686441108e-01 8.1576793063e+248 7.6815052892e+248 -3.2552215412e+00 
12.1667
-2.6805009058e+250 1.7022583980e+250 2.0069007206e+01 1.6407243434e+252 2.5836048709e+252 -9.6384867957e+00 
-2.6805009058e+250 1.7022583980e+250 6.9007206385e-02 1.6407243434e+252 2.5836048709e+252 -4.6384867957e+00 
12.3333
-8.2433178372e+253 2.6964660777e+253 1.9347322964e+01 2.5989929260e+255 7.9453344224e+255 -8.6529480551e+00 
-8.2433178372e+253 2.6964660777e+253 -6.5267703604e-01 2.5989929260e+255 7.9453344224e+255 -3.6529480551e+00 
12.5
-2.3637500301e+257 1.5737806412e+256 1.8960002733e+01 1.5168908623e+258 2.2783040581e+259 -5.8060458725e+00 
-2.3637500301e+257 1.5737806412e+256 -1.0399972675e+00 1.5168908623e+258 2.2783040581e+259 -8.0604587248e-01 
12.6667
-6.3624001167e+260 -1.1786453225e+260 1.9103947169e+01 -1.1360390850e+262 6.1324090197e+262 -2.5536699649e+00 
-6.3624001167e+260 -1.1786453225e+260 -8.9605283098e-01 -1.1360390850e+262 6.1324090197e+262 2.4463300351e+00 
12.8333
-1.6044103903e+264 -7.4132273146e+263 1.9704671443e+01 -7.1452504110e+265 1.5464133925e+266 -5.5563229281e-01 
-1.6044103903e+264 -7.4132273146e+263 -2.9532855656e-01 -7.1452504110e+265 1.5464133925e+266 4.4443677072e+00 
13
-3.7461478202e+267 -3.0448160911e+267 2.0454840793e+01 -2.9347506157e+269 3.6107302685e+269 -8.2860746257e-01 
-3.7461478202e+267 -3.0448160911e+267 4.5484079282e-01 -2.9347506157e+269 3.6107302685e+269 4.1713925374e+00 
13.1667
-7.8602177820e+270 -1.0586882453e+271 2.0971503467e+01 -1.0204182738e+273 7.5760828522e+272 -3.2288212694e+00 
-7.8602177820e+270 -1.0586882453e+271 9.7150346690e-01 -1.0204182738e+273 7.5760828522e+272 1.7711787306e+00 
13.3333
-1.3659245211e+274 -3.3325036760e+274 2.0991581301e+01 -3.2120387316e+276 1.3165484250e+276 -6.5277044076e+00 
-1.3659245211e+274 -3.3325036760e+274 9.9158130083e-01 -3.2120387316e+276 1.3165484250e+276 -1.5277044076e+00 
13.5
-1.3662778257e+277 -9.7420134069e+277 2.0505823877e+01 -9.3898544244e+279 1.3168889582e+279 -9.0407377574e+00 
-1.3662778257e+277 -9.7420134069e+277 5.0582387718e-01 -9.3898544244e+279 1.3168889582e+279 -4.0407377574e+00 
13.6667
2.9582579100e+280 -2.6706453093e+281 1.9763020482e+01 -2.5741055392e+283 -2.8513213813e+282 -9.4876178368e+00 
2.9582579100e+280 -2.6706453093e+281 -2.3697951794e-01 -2.5741055392e+283 -2.8513213813e+282 -4.4876178368e+00 
13.8333
2.5852596139e+284 -6.8688215684e+284 1.9142580318e+01 -6.6205241053e+286 -2.4918064070e+286 -7.6445194087e+00 
2.5852596139e+284 -6.8688215684e+284 -8.5741968224e-01 -6.6205241053e+286 -2.4918064070e+286 -2.6445194087e+00 
14
1.1477906244e+288 -1.6435205008e+288 1.8960739173e+01 -1.5841097319e+290 -1.1062997373e+290 -4.4561578798e+00 
1.1477906244e+288 -1.6435205008e+288 -1.0392608273e+00 -1.5841097319e+290 -1.1062997373e+290 5.4384212016e-01 
14.1667
4.1470178317e+291 -3.5753557818e+291 1.9309376954e+01 -3.4461121027e+293 -3.9971094382e+293 -1.5515677634e+00 
4.1470178317e+291 -3.5753557818e+291 -6.9062304597e-01 -3.4461121027e+293 -3.9971094382e+293 3.4484322366e+00 
14.3333
1.3388846554e+295 -6.6643553342e+294 2.0009598479e+01 -6.4234490148e+296 -1.2904860095e+297 -4.1178356566e-01 
1.3388846554e+295 -6.6643553342e+294 9.5984787791e-03 -6.4234490148e+296 -1.2904860095e+297 4.5882164343e+00 
14.5
3.9934031296e+298 -8.6032164964e+297 2.0703526432e+01 -8.2922232919e+299 -3.8490476741e+300 -1.6146750461e+00 
3.9934031296e+298 -8.6032164964e+297 7.0352643200e-01 -8.2922232919e+299 -3.8490476741e+300 3.3853249539e+00 
14.6667
1.1150024510e+302 4.1792262946e+300 2.1037208028e+01 4.0281536141e+302 -1.0746968066e+304 -4.5419844525e+00 
1.1150024510e+302 4.1792262946e+300 1.0372080279e+00 4.0281536141e+302 -1.0746968066e+304 4.5801554749e-01 
14.8333
nan nan nan nan nan nan 
nan nan nan nan nan nan 
15
nan nan nan nan nan nan 
nan nan nan nan nan nan 
15.1667
nan nan nan nan nan nan 
nan nan nan nan nan nan 
15.3333
nan nan nan nan nan nan 
nan nan nan nan nan nan 
15.5
nan nan nan nan nan nan 
nan nan nan nan nan nan 
15.6667
nan nan nan nan nan nan 
nan nan nan nan nan nan 
15.8333
nan nan nan nan nan nan 
nan nan nan nan nan nan 
16
nan nan nan nan nan nan 
nan nan nan nan nan nan 
16.1667
nan nan nan nan nan nan 
nan nan nan nan nan nan 
16.3333
nan nan nan nan nan nan 
nan nan nan nan nan nan 
16.5
nan nan nan nan nan nan 
nan nan nan nan nan nan 
16.6667
nan nan nan nan nan nan 
nan nan nan nan nan nan 
16.8333
nan nan nan nan nan nan 
nan nan nan nan nan nan 
17
nan nan nan nan nan nan 
nan nan nan nan nan nan 
17.1667
nan nan nan nan nan nan 
nan nan nan nan nan nan 
17.3333
nan nan nan nan nan nan 
nan nan nan nan nan nan 
17.5
nan nan nan nan nan nan 
nan nan nan nan nan nan 
17.6667
nan nan nan nan nan nan 
nan nan nan nan nan nan 
17.8333
nan nan nan nan nan nan 
nan nan nan nan nan nan 
18
nan nan nan nan nan nan 
nan nan nan nan nan nan 
18.1667
nan nan nan nan nan nan 
nan nan nan nan nan nan 
18.3333
nan nan nan nan nan nan 
nan nan nan nan nan nan 
18.5
nan nan nan nan nan nan 
nan nan nan nan nan nan 
18.6667
nan nan nan nan nan nan 
nan nan nan nan nan nan 
18.8333
nan nan nan nan nan nan 
nan nan nan nan nan nan 
19
nan nan nan nan nan nan 
nan nan nan nan nan nan 
19.1667
nan nan nan nan nan nan 
nan nan nan nan nan nan 
19.3333
nan nan nan nan nan nan 
nan nan nan nan nan nan 
19.5
nan nan nan nan nan nan 
nan nan nan nan nan nan 
19.6667
nan nan nan nan nan nan 
nan nan nan nan nan nan 
19.8333
nan nan nan nan nan nan 
nan nan nan nan nan nan 
20
nan nan nan nan nan nan 
nan nan nan nan nan nan 
20.1667
nan nan nan nan nan nan 
nan nan nan nan nan nan 
20.3333
nan nan nan nan nan nan 
nan nan nan nan nan nan 
20.5
nan nan nan nan nan nan 
nan nan nan nan nan nan 
20.6667
nan nan nan nan nan nan 
nan nan nan nan nan nan 
20.8333
nan nan nan nan nan nan 
nan nan nan nan nan nan 
21
nan nan nan nan nan nan 
nan nan nan nan nan nan 
21.1667
nan nan nan nan nan nan 
nan nan nan nan nan nan 
21.3333
nan nan nan nan nan nan 
nan nan nan nan nan nan 
21.5
nan nan nan nan nan nan 
nan nan nan nan nan nan 
21.6667
nan nan nan nan nan nan 
nan nan nan nan nan nan 
21.8333
nan nan nan nan nan nan 
nan nan nan nan nan nan 
22
nan nan nan nan nan nan 
nan nan nan nan nan nan 
22.1667
nan nan nan nan nan nan 
nan nan nan nan nan nan 
22.3333
nan nan nan nan nan nan 
nan nan nan nan nan nan 
22.5
nan nan nan nan nan nan 
nan nan nan nan nan nan 
22.6667
nan nan nan nan nan nan 
nan nan nan nan nan nan 
22.8333
nan nan nan nan nan nan 
nan nan nan nan nan nan 
23
nan nan nan nan nan nan 
nan nan nan nan nan nan 
23.1667
nan nan nan nan nan nan 
nan nan nan nan nan nan 
23.3333
nan nan nan nan nan nan 
nan nan nan nan nan nan 
23.5
nan nan nan nan nan nan 
nan nan nan nan nan nan 
23.6667
nan nan nan nan nan nan 
nan nan nan nan nan nan 
23.8333
nan nan nan nan nan nan 
nan nan nan nan nan nan 
24
nan nan nan nan nan nan 
nan nan nan nan nan nan 
24.1667
nan nan nan nan nan nan 
nan nan nan nan nan nan 
24.3333
nan nan nan nan nan nan 
nan nan nan nan nan nan 
24.5
nan nan nan nan nan nan 
nan nan nan nan nan nan 
24.6667
nan nan nan nan nan nan 
nan nan nan nan nan nan 
24.8333
nan nan nan nan nan nan 
nan nan nan nan nan nan 
25
nan nan nan nan nan nan 
nan nan nan nan nan nan 
25.1667
nan nan nan nan nan nan 
nan nan nan nan nan nan 
25.3333
nan nan nan nan nan nan 
nan nan nan nan nan nan 
25.5
nan nan nan nan nan nan 
nan nan nan nan nan nan 
25.6667
nan nan nan nan nan nan 
nan nan nan nan nan nan 
25.8333
nan nan nan nan nan nan 
nan nan nan nan nan nan 
26
nan nan nan nan nan nan 
nan nan nan nan nan nan 
26.1667
nan nan nan nan nan nan 
nan nan nan nan nan nan 
26.3333
nan nan nan nan nan nan 
nan nan nan nan nan nan 
26.5
nan nan nan nan nan nan 
nan nan nan nan nan nan 
26.6667
nan nan nan nan nan nan 
nan nan nan nan nan nan 
26.8333
nan nan nan nan nan nan 
nan nan nan nan nan nan 
27
nan nan nan nan nan nan 
nan nan nan nan nan nan 
27.1667
nan nan nan nan nan nan 
nan nan nan nan nan nan 
27.3333
nan nan nan nan nan nan 
nan nan nan nan nan nan 
27.5
nan nan nan nan nan nan 
nan nan nan nan nan nan 
27.6667
nan nan nan nan nan nan 
nan nan nan nan nan nan 
27.8333
nan nan nan nan nan nan 
nan nan nan nan nan nan 
28
nan nan nan nan nan nan 
nan nan nan nan nan nan 
28.1667
nan nan nan nan nan nan 
nan nan nan nan nan nan 
28.3333
nan nan nan nan nan nan 
nan nan nan nan nan nan 
28.5
nan nan nan nan nan nan 
nan nan nan nan nan nan 
28.6667
nan nan nan nan nan nan 
nan nan nan nan nan nan 
28.8333
nan nan nan nan nan nan 
nan nan nan nan nan nan 
29
nan nan nan nan nan nan 
nan nan nan nan nan nan 
29.1667
nan nan nan nan nan nan 
nan nan nan nan nan nan 
29.3333
nan nan nan nan nan nan 
nan nan nan nan nan nan 
29.5
nan nan nan nan nan nan 
nan nan nan nan nan nan 
29.6667
nan nan nan nan nan nan 
nan nan nan nan nan nan 
29.8333
nan nan nan nan nan nan 
nan nan nan nan nan nan 
30
nan nan nan nan nan nan 
nan nan nan nan nan nan 
30.1667
nan nan nan nan nan nan 
nan nan nan nan nan nan 
30.3333
nan nan nan nan nan nan 
nan nan nan nan nan nan 
30.5
nan nan nan nan nan nan 
nan nan nan nan nan nan 
30.6667
nan nan nan nan nan nan 
nan nan nan nan nan nan 
30.8333
nan nan nan nan nan nan 
nan nan nan nan nan nan 
31
nan nan nan nan nan nan 
nan nan nan nan nan nan 
31.1667
nan nan nan nan nan nan 
nan nan nan nan nan nan 
31.3333
nan nan nan nan nan nan 
nan nan nan nan nan nan 
31.5
nan nan nan nan nan nan 
nan nan nan nan nan nan 
31.6667
nan nan nan nan nan nan 
nan nan nan nan nan nan 
31.8333
nan nan nan nan nan nan 
nan nan nan nan nan nan 
32
nan nan nan nan nan nan 
nan nan nan nan nan nan 
32.1667
nan nan nan nan nan nan 
nan nan nan nan nan nan 
32.3333
nan nan nan nan nan nan 
nan nan nan nan nan nan 
32.5
nan nan nan nan nan nan 
nan nan nan nan nan nan 
32.6667
nan nan nan nan nan nan 
nan nan nan nan nan nan 
32.8333
nan nan nan nan nan nan 
nan nan nan nan nan nan 
33
nan nan nan nan nan nan 
nan nan nan nan nan nan 
33.1667
nan nan nan nan nan nan 
nan nan nan nan nan nan 
33.3333
nan nan nan nan nan nan 
nan nan nan nan nan nan 
33.5
nan nan nan nan nan nan 
nan nan nan nan nan nan 
33.6667
nan nan nan nan nan nan 
nan nan nan nan nan nan 
33.8333
nan nan nan nan nan nan 
nan nan nan nan nan nan 
34
nan nan nan nan nan nan 
nan nan nan nan nan nan 
34.1667
nan nan nan nan nan nan 
nan nan nan nan nan nan 
34.3333
nan nan nan nan nan nan 
nan nan nan nan nan nan 
34.5
nan nan nan nan nan nan 
nan nan nan nan nan nan 
34.6667
nan nan nan nan nan nan 
nan nan nan nan nan nan 
34.8333
nan nan nan nan nan nan 
nan nan nan nan nan nan 
35
nan nan nan nan nan nan 
nan nan nan nan nan nan 
35.1667
nan nan nan nan nan nan 
nan nan nan nan nan nan 
35.3333
nan nan nan nan nan nan 
nan nan nan nan nan nan 
35.5
nan nan nan nan nan nan 
nan nan nan nan nan nan 
35.6667
nan nan nan nan nan nan 
nan nan nan nan nan nan 
35.8333
nan nan nan nan nan nan 
nan nan nan nan nan nan 
36
nan nan nan nan nan nan 
nan nan nan nan nan nan 
36.1667
nan nan nan nan nan nan 
nan nan nan nan nan nan 
36.3333
nan nan nan nan nan nan 
nan nan nan nan nan nan 
36.5
nan nan nan nan nan nan 
nan nan nan nan nan nan 
36.6667
nan nan nan nan nan nan 
nan nan nan nan nan nan 
36.8333
nan nan nan nan nan nan 
nan nan nan nan nan nan 
37
nan nan nan nan nan nan 
nan nan nan nan nan nan 
37.1667
nan nan nan nan nan nan 
nan nan nan nan nan nan 
37.3333
nan nan nan nan nan nan 
nan nan nan nan nan nan 
37.5
nan nan nan nan nan nan 
nan nan nan nan nan nan 
37.6667
nan nan nan nan nan nan 
nan nan nan nan nan nan 
37.8333
nan nan nan nan nan nan 
nan nan nan nan nan nan 
38
nan nan nan nan nan nan 
nan nan nan nan nan nan 
38.1667
nan nan nan nan nan nan 
nan nan nan nan nan nan 
38.3333
nan nan nan nan nan nan 
nan nan nan nan nan nan 
38.5
nan nan nan nan nan nan 
nan nan nan nan nan nan 
38.6667
nan nan nan nan nan nan 
nan nan nan nan nan nan 
38.8333
nan nan nan nan nan nan 
nan nan nan nan nan nan 
39
nan nan nan nan nan nan 
nan nan nan nan nan nan 
39.1667
nan nan nan nan nan nan 
nan nan nan nan nan nan 
39.3333
nan nan nan nan nan nan 
nan nan nan nan nan nan 
39.5
nan nan nan nan nan nan 
nan nan nan nan nan nan 
39.6667
nan nan nan nan nan nan 
nan nan nan nan nan nan 
39.8333
nan nan nan nan nan nan 
nan nan nan nan nan nan 
40
nan nan nan nan nan nan 
nan nan nan nan nan nan 
40.1667
nan nan nan nan nan nan 
nan nan nan nan nan nan 
40.3333
nan nan nan nan nan nan 
nan nan nan nan nan nan 
40.5
nan nan nan nan nan nan 
nan nan nan nan nan nan 
40.6667
nan nan nan nan nan nan 
nan nan nan nan nan nan 
40.8333
nan nan nan nan nan nan 
nan nan nan nan nan nan 
41
nan nan nan nan nan nan 
nan nan nan nan nan nan 
41.1667
nan nan nan nan nan nan 
nan nan nan nan nan nan 
41.3333
nan nan nan nan nan nan 
nan nan nan nan nan nan 
41.5
nan nan nan nan nan nan 
nan nan nan nan nan nan 
41.6667
nan nan nan nan nan nan 
nan nan nan nan nan nan 
41.8333
nan nan nan nan nan nan 
nan nan nan nan nan nan 
42
nan nan nan nan nan nan 
nan nan nan nan nan nan 
42.1667
nan nan nan nan nan nan 
nan nan nan nan nan nan 
42.3333
nan nan nan nan nan nan 
nan nan nan nan nan nan 
42.5
nan nan nan nan nan nan 
nan nan nan nan nan nan 
42.6667
nan nan nan nan nan nan 
nan nan nan nan nan nan 
42.8333
nan nan nan nan nan nan 
nan nan nan nan nan nan 
43
nan nan nan nan nan nan 
nan nan nan nan nan nan 
43.1667
nan nan nan nan nan nan 
nan nan nan nan nan nan 
43.3333
nan nan nan nan nan nan 
nan nan nan nan nan nan 
43.5
nan nan nan nan nan nan 
nan nan nan nan nan nan 
43.6667
nan nan nan nan nan nan 
nan nan nan nan nan nan 
43.8333
nan nan nan nan nan nan 
nan nan nan nan nan nan 
44
nan nan nan nan nan nan 
nan nan nan nan nan nan 
44.1667
nan nan nan nan nan nan 
nan nan nan nan nan nan 
44.3333
nan nan nan nan nan nan 
nan nan nan nan nan nan 
44.5
nan nan nan nan nan nan 
nan nan nan nan nan nan 
44.6667
nan nan nan nan nan nan 
nan nan nan nan nan nan 
44.8333
nan nan nan nan nan nan 
nan nan nan nan nan nan 
45
nan nan nan nan nan nan 
nan nan nan nan nan nan 
45.1667
nan nan nan nan nan nan 
nan nan nan nan nan nan 
45.3333
nan nan nan nan nan nan 
nan nan nan nan nan nan 
45.5
nan nan nan nan nan nan 
nan nan nan nan nan nan 
45.6667
nan nan nan nan nan nan 
nan nan nan nan nan nan 
45.8333
nan nan nan nan nan nan 
nan nan nan nan nan nan 
46
nan nan nan nan nan nan 
nan nan nan nan nan nan 
46.1667
nan nan nan nan nan nan 
nan nan nan nan nan nan 
46.3333
nan nan nan nan nan nan 
nan nan nan nan nan nan 
46.5
nan nan nan nan nan nan 
nan nan nan nan nan nan 
46.6667
nan nan nan nan nan nan 
nan nan nan nan nan nan 
46.8333
nan nan nan nan nan nan 
nan nan nan nan nan nan 
47
nan nan nan nan nan nan 
nan nan nan nan nan nan 
47.1667
nan nan nan nan nan nan 
nan nan nan nan nan nan 
47.3333
nan nan nan nan nan nan 
nan nan nan nan nan nan 
47.5
nan nan nan nan nan nan 
nan nan nan nan nan nan 
47.6667
nan nan nan nan nan nan 
nan nan nan nan nan nan 
47.8333
nan nan nan nan nan nan 
nan nan nan nan nan nan 
48
nan nan nan nan nan nan 
nan nan nan nan nan nan 
48.1667
nan nan nan nan nan nan 
nan nan nan nan nan nan 
48.3333
nan nan nan nan nan nan 
nan nan nan nan nan nan 
48.5
nan nan nan nan nan nan 
nan nan nan nan nan nan 
48.6667
nan nan nan nan nan nan 
nan nan nan nan nan nan 
48.8333
nan nan nan nan nan nan 
nan nan nan nan nan nan 
49
nan nan nan nan nan nan 
nan nan nan nan nan nan 
49.1667
nan nan nan nan nan nan 
nan nan nan nan nan nan 
49.3333
nan nan nan nan nan nan 
nan nan nan nan nan nan 
49.5
nan nan nan nan nan nan 
nan nan nan nan nan nan 
49.6667
nan nan nan nan nan nan 
nan nan nan nan nan nan 
49.8333
nan nan nan nan nan nan 
nan nan nan nan nan nan 
