2 51
0
1.9999999998e+01 3.9999879327e-05 2.0000005000e+01 -4.1006117284e-03 2.4999758589e+01 4.8242627900e-11 
2.4999999998e+01 2.5000040000e+01 5.0000000000e-06 -4.1006117284e-03 3.9999758589e+01 5.0000000000e+00 
1e-06
1.9999999992e+01 7.9999517046e-05 2.0000010000e+01 -8.2012001450e-03 2.4999516782e+01 1.9297051160e-10 
2.4999999992e+01 2.5000080000e+01 1.0000000000e-05 -8.2012001450e-03 3.9999516782e+01 5.0000000002e+00 
2e-06
1.9999999982e+01 1.1999891276e-04 2.0000015000e+01 -1.2301765212e-02 2.4999274578e+01 4.3418365111e-10 
2.4999999982e+01 2.5000119999e+01 1.5000000000e-05 -1.2301765212e-02 3.9999274578e+01 5.0000000004e+00 
3e-06
1.9999999967e+01 1.5999806607e-04 2.0000020000e+01 -1.6402306890e-02 2.4999031979e+01 7.7188204642e-10 
2.4999999967e+01 2.5000159998e+01 2.0000000001e-05 -1.6402306890e-02 3.9999031979e+01 5.0000000008e+00 
4e-06
1.9999999949e+01 1.9999697659e-04 2.0000025000e+01 -2.0502825142e-02 2.4998788984e+01 1.2060656975e-09 
2.4999999949e+01 2.5000199997e+01 2.5000000002e-05 -2.0502825142e-02 3.9998788984e+01 5.0000000012e+00 
5e-06
1.9999999926e+01 2.3999564391e-04 2.0000030000e+01 -2.4603319929e-02 2.4998545593e+01 1.7367346045e-09 
2.4999999926e+01 2.5000239996e+01 3.0000000003e-05 -2.4603319929e-02 3.9998545593e+01 5.0000000017e+00 
6e-06
1.9999999900e+01 2.7999406764e-04 2.0000035000e+01 -2.8703791213e-02 2.4998301805e+01 2.3638887673e-09 
2.4999999900e+01 2.5000279994e+01 3.5000000006e-05 -2.8703791213e-02 3.9998301805e+01 5.0000000024e+00 
7e-06
1.9999999869e+01 3.1999224738e-04 2.0000040000e+01 -3.2804238956e-02 2.4998057622e+01 3.0875281859e-09 
2.4999999869e+01 2.5000319992e+01 4.0000000008e-05 -3.2804238956e-02 3.9998057622e+01 5.0000000031e+00 
8e-06
1.9999999834e+01 3.5999018275e-04 2.0000045000e+01 -3.6904663119e-02 2.4997813043e+01 3.9076528604e-09 
2.4999999834e+01 2.5000359990e+01 4.5000000012e-05 -3.6904663119e-02 3.9997813043e+01 5.0000000039e+00 
9e-06
1.9999999795e+01 3.9998787334e-04 2.0000050000e+01 -4.1005063664e-02 2.4997568067e+01 4.8242627908e-09 
2.4999999795e+01 2.5000399988e+01 5.0000000016e-05 -4.1005063664e-02 3.9997568067e+01 5.0000000048e+00 
1e-05
1.9999999752e+01 4.3998531875e-04 2.0000055000e+01 -4.5105440554e-02 2.4997322696e+01 5.8373579770e-09 
2.4999999752e+01 2.5000439985e+01 5.5000000021e-05 -4.5105440554e-02 3.9997322696e+01 5.0000000058e+00 
1.1e-05
1.9999999705e+01 4.7998251860e-04 2.0000060000e+01 -4.9205793749e-02 2.4997076928e+01 6.9469384192e-09 
2.4999999705e+01 2.5000479983e+01 6.0000000028e-05 -4.9205793749e-02 3.9997076928e+01 5.0000000069e+00 
1.2e-05
1.9999999654e+01 5.1997947248e-04 2.0000065000e+01 -5.3306123212e-02 2.4996830765e+01 8.1530041173e-09 
2.4999999654e+01 2.5000519979e+01 6.5000000035e-05 -5.3306123212e-02 3.9996830765e+01 5.0000000082e+00 
1.3e-05
1.9999999598e+01 5.5997618000e-04 2.0000070000e+01 -5.7406428904e-02 2.4996584206e+01 9.4555550714e-09 
2.4999999598e+01 2.5000559976e+01 7.0000000044e-05 -5.7406428904e-02 3.9996584206e+01 5.0000000095e+00 
1.4e-05
1.9999999539e+01 5.9997264076e-04 2.0000075000e+01 -6.1506710787e-02 2.4996337250e+01 1.0854591281e-08 
2.4999999539e+01 2.5000599973e+01 7.5000000054e-05 -6.1506710787e-02 3.9996337250e+01 5.0000000109e+00 
1.5e-05
1.9999999475e+01 6.3996885436e-04 2.0000080000e+01 -6.5606968822e-02 2.4996089899e+01 1.2350112747e-08 
2.4999999475e+01 2.5000639969e+01 8.0000000066e-05 -6.5606968822e-02 3.9996089899e+01 5.0000000124e+00 
1.6e-05
1.9999999407e+01 6.7996482042e-04 2.0000085000e+01 -6.9707202973e-02 2.4995842151e+01 1.3942119470e-08 
2.4999999407e+01 2.5000679965e+01 8.5000000079e-05 -6.9707202973e-02 3.9995842151e+01 5.0000000139e+00 
1.7e-05
1.9999999336e+01 7.1996053853e-04 2.0000090000e+01 -7.3807413199e-02 2.4995594008e+01 1.5630611448e-08 
2.4999999336e+01 2.5000719961e+01 9.0000000094e-05 -7.3807413199e-02 3.9995594008e+01 5.0000000156e+00 
1.8e-05
1.9999999260e+01 7.5995600831e-04 2.0000095000e+01 -7.7907599463e-02 2.4995345469e+01 1.7415588682e-08 
2.4999999260e+01 2.5000759956e+01 9.5000000110e-05 -7.7907599463e-02 3.9995345469e+01 5.0000000174e+00 
1.9e-05
1.9999999180e+01 7.9995122934e-04 2.0000100000e+01 -8.2007761728e-02 2.4995096533e+01 1.9297051172e-08 
2.4999999180e+01 2.5000799951e+01 1.0000000013e-04 -8.2007761728e-02 3.9995096533e+01 5.0000000193e+00 
2e-05
1.9999999096e+01 8.3994620124e-04 2.0000105000e+01 -8.6107899953e-02 2.4994847202e+01 2.1274998919e-08 
2.4999999096e+01 2.5000839946e+01 1.0500000015e-04 -8.6107899953e-02 3.9994847202e+01 5.0000000213e+00 
2.1e-05
1.9999999008e+01 8.7994092361e-04 2.0000110000e+01 -9.0208014102e-02 2.4994597474e+01 2.3349431922e-08 
2.4999999008e+01 2.5000879941e+01 1.1000000017e-04 -9.0208014102e-02 3.9994597474e+01 5.0000000233e+00 
2.2e-05
1.9999998915e+01 9.1993539606e-04 2.0000115000e+01 -9.4308104136e-02 2.4994347351e+01 2.5520350181e-08 
2.4999998915e+01 2.5000919935e+01 1.1500000020e-04 -9.4308104136e-02 3.9994347351e+01 5.0000000255e+00 
2.3e-05
1.9999998819e+01 9.5992961818e-04 2.0000120000e+01 -9.8408170017e-02 2.4994096832e+01 2.7787753696e-08 
2.4999998819e+01 2.5000959930e+01 1.2000000022e-04 -9.8408170017e-02 3.9994096832e+01 5.0000000278e+00 
2.4e-05
1.9999998719e+01 9.9992358959e-04 2.0000125000e+01 -1.0250821171e-01 2.4993845916e+01 3.0151642468e-08 
2.4999998719e+01 2.5000999924e+01 1.2500000025e-04 -1.0250821171e-01 3.9993845916e+01 5.0000000302e+00 
2.5e-05
1.9999998614e+01 1.0399173099e-03 2.0000130000e+01 -1.0660822917e-01 2.4993594605e+01 3.2612016496e-08 
2.4999998614e+01 2.5001039917e+01 1.3000000028e-04 -1.0660822917e-01 3.9993594605e+01 5.0000000326e+00 
2.6e-05
1.9999998505e+01 1.0799107787e-03 2.0000135000e+01 -1.1070822236e-01 2.4993342898e+01 3.5168875780e-08 
2.4999998505e+01 2.5001079911e+01 1.3500000032e-04 -1.1070822236e-01 3.9993342898e+01 5.0000000352e+00 
2.7e-05
1.9999998393e+01 1.1199039955e-03 2.0000140000e+01 -1.1480819124e-01 2.4993090794e+01 3.7822220321e-08 
2.4999998393e+01 2.5001119904e+01 1.4000000035e-04 -1.1480819124e-01 3.9993090794e+01 5.0000000378e+00 
2.8e-05
1.9999998276e+01 1.1598969601e-03 2.0000145000e+01 -1.1890813578e-01 2.4992838295e+01 4.0572050119e-08 
2.4999998276e+01 2.5001159897e+01 1.4500000039e-04 -1.1890813578e-01 3.9992838295e+01 5.0000000406e+00 
2.9e-05
1.9999998155e+01 1.1998896720e-03 2.0000150000e+01 -1.2300805594e-01 2.4992585400e+01 4.3418365173e-08 
2.4999998155e+01 2.5001199890e+01 1.5000000043e-04 -1.2300805594e-01 3.9992585400e+01 5.0000000434e+00 
3e-05
1.9999998030e+01 1.2398821308e-03 2.0000155000e+01 -1.2710795168e-01 2.4992332109e+01 4.6361165484e-08 
2.4999998030e+01 2.5001239882e+01 1.5500000048e-04 -1.2710795168e-01 3.9992332109e+01 5.0000000464e+00 
3.1e-05
1.9999997901e+01 1.2798743361e-03 2.0000160000e+01 -1.3120782296e-01 2.4992078422e+01 4.9400451051e-08 
2.4999997901e+01 2.5001279874e+01 1.6000000053e-04 -1.3120782296e-01 3.9992078422e+01 5.0000000494e+00 
3.2e-05
1.9999997767e+01 1.3198662875e-03 2.0000165000e+01 -1.3530766974e-01 2.4991824339e+01 5.2536221875e-08 
2.4999997767e+01 2.5001319866e+01 1.6500000058e-04 -1.3530766974e-01 3.9991824339e+01 5.0000000525e+00 
3.3e-05
1.9999997630e+01 1.3598579846e-03 2.0000170000e+01 -1.3940749198e-01 2.4991569860e+01 5.5768477956e-08 
2.4999997630e+01 2.5001359858e+01 1.7000000063e-04 -1.3940749198e-01 3.9991569860e+01 5.0000000558e+00 
3.4e-05
1.9999997489e+01 1.3998494271e-03 2.0000175000e+01 -1.4350728965e-01 2.4991314985e+01 5.9097219294e-08 
2.4999997489e+01 2.5001399849e+01 1.7500000069e-04 -1.4350728965e-01 3.9991314985e+01 5.0000000591e+00 
3.5e-05
1.9999997343e+01 1.4398406145e-03 2.0000180000e+01 -1.4760706271e-01 2.4991059714e+01 6.2522445889e-08 
2.4999997343e+01 2.5001439841e+01 1.8000000075e-04 -1.4760706271e-01 3.9991059714e+01 5.0000000625e+00 
3.6e-05
1.9999997193e+01 1.4798315464e-03 2.0000185000e+01 -1.5170681112e-01 2.4990804047e+01 6.6044157740e-08 
2.4999997193e+01 2.5001479832e+01 1.8500000081e-04 -1.5170681112e-01 3.9990804047e+01 5.0000000660e+00 
3.7e-05
1.9999997040e+01 1.5198222224e-03 2.0000190000e+01 -1.5580653484e-01 2.4990547984e+01 6.9662354849e-08 
2.4999997040e+01 2.5001519822e+01 1.9000000088e-04 -1.5580653484e-01 3.9990547984e+01 5.0000000697e+00 
3.8e-05
1.9999996882e+01 1.5598126422e-03 2.0000195000e+01 -1.5990623383e-01 2.4990291525e+01 7.3377037215e-08 
2.4999996882e+01 2.5001559813e+01 1.9500000095e-04 -1.5990623383e-01 3.9990291525e+01 5.0000000734e+00 
3.9e-05
1.9999996720e+01 1.5998028054e-03 2.0000200000e+01 -1.6400590806e-01 2.4990034670e+01 7.7188204839e-08 
2.4999996720e+01 2.5001599803e+01 2.0000000103e-04 -1.6400590806e-01 3.9990034670e+01 5.0000000772e+00 
4e-05
1.9999996554e+01 1.6397927114e-03 2.0000205000e+01 -1.6810555749e-01 2.4989777420e+01 8.1095857719e-08 
2.4999996554e+01 2.5001639793e+01 2.0500000111e-04 -1.6810555749e-01 3.9989777420e+01 5.0000000811e+00 
4.1e-05
1.9999996384e+01 1.6797823601e-03 2.0000210000e+01 -1.7220518207e-01 2.4989519773e+01 8.5099995857e-08 
2.4999996384e+01 2.5001679782e+01 2.1000000119e-04 -1.7220518207e-01 3.9989519773e+01 5.0000000851e+00 
4.2e-05
1.9999996209e+01 1.7197717508e-03 2.0000215000e+01 -1.7630478177e-01 2.4989261730e+01 8.9200619252e-08 
2.4999996209e+01 2.5001719772e+01 2.1500000128e-04 -1.7630478177e-01 3.9989261730e+01 5.0000000892e+00 
4.3e-05
1.9999996031e+01 1.7597608834e-03 2.0000220000e+01 -1.8040435656e-01 2.4989003292e+01 9.3397727905e-08 
2.4999996031e+01 2.5001759761e+01 2.2000000137e-04 -1.8040435656e-01 3.9989003292e+01 5.0000000934e+00 
4.4e-05
1.9999995848e+01 1.7997497573e-03 2.0000225000e+01 -1.8450390639e-01 2.4988744457e+01 9.7691321816e-08 
2.4999995848e+01 2.5001799750e+01 2.2500000147e-04 -1.8450390639e-01 3.9988744457e+01 5.0000000977e+00 
4.5e-05
1.9999995662e+01 1.8397383722e-03 2.0000230000e+01 -1.8860343122e-01 2.4988485227e+01 1.0208140098e-07 
2.4999995662e+01 2.5001839738e+01 2.3000000157e-04 -1.8860343122e-01 3.9988485227e+01 5.0000001021e+00 
4.6e-05
1.9999995471e+01 1.8797267276e-03 2.0000235000e+01 -1.9270293102e-01 2.4988225601e+01 1.0656796541e-07 
2.4999995471e+01 2.5001879727e+01 2.3500000167e-04 -1.9270293102e-01 3.9988225601e+01 5.0000001066e+00 
4.7e-05
1.9999995277e+01 1.9197148232e-03 2.0000240000e+01 -1.9680240575e-01 2.4987965579e+01 1.1115101509e-07 
2.4999995277e+01 2.5001919715e+01 2.4000000178e-04 -1.9680240575e-01 3.9987965579e+01 5.0000001112e+00 
4.8e-05
1.9999995078e+01 1.9597026586e-03 2.0000245000e+01 -2.0090185537e-01 2.4987705160e+01 1.1583055004e-07 
2.4999995078e+01 2.5001959703e+01 2.4500000189e-04 -2.0090185537e-01 3.9987705160e+01 5.0000001158e+00 
4.9e-05
1.9999994875e+01 1.9996902334e-03 2.0000250000e+01 -2.0500127984e-01 2.4987444346e+01 1.2060657023e-07 
2.4999994875e+01 2.5001999690e+01 2.5000000201e-04 -2.0500127984e-01 3.9987444346e+01 5.0000001206e+00 
5e-05
1.9999994668e+01 2.0396775472e-03 2.0000255000e+01 -2.0910067913e-01 2.4987183136e+01 1.2547907569e-07 
2.4999994668e+01 2.5002039678e+01 2.5500000213e-04 -2.0910067913e-01 3.9987183136e+01 5.0000001255e+00 
